7132b1c9-ee26-4464-b5b5-1046264b61d9;2025-01-11T04:01:00Z;39.135;39.135;39.135;39.135;1;
7132b1c9-ee26-4464-b5b5-1046264b61d9;2025-01-11T04:05:00Z;39.085;39.085;39.085;39.085;1;
7132b1c9-ee26-4464-b5b5-1046264b61d9;2025-01-11T04:06:00Z;39.09;39.135;39.135;39.09;3;
7132b1c9-ee26-4464-b5b5-1046264b61d9;2025-01-11T04:07:00Z;39.12;39.12;39.12;39.12;2;
7132b1c9-ee26-4464-b5b5-1046264b61d9;2025-01-11T04:09:00Z;39.12;39.135;39.135;39.12;64;
7132b1c9-ee26-4464-b5b5-1046264b61d9;2025-01-11T04:10:00Z;39.12;39.12;39.12;39.12;1;
7132b1c9-ee26-4464-b5b5-1046264b61d9;2025-01-11T04:11:00Z;39.12;39.12;39.12;38.98;5;
7132b1c9-ee26-4464-b5b5-1046264b61d9;2025-01-11T04:12:00Z;39.12;39.12;39.12;39;9;
7132b1c9-ee26-4464-b5b5-1046264b61d9;2025-01-11T04:14:00Z;39.02;39.13;39.13;39.02;9;
7132b1c9-ee26-4464-b5b5-1046264b61d9;2025-01-11T04:15:00Z;39.13;39.03;39.13;39.03;9;
7132b1c9-ee26-4464-b5b5-1046264b61d9;2025-01-11T04:16:00Z;39.12;39.12;39.12;39.12;3;
7132b1c9-ee26-4464-b5b5-1046264b61d9;2025-01-11T04:21:00Z;39.035;39.035;39.035;39.035;2;
7132b1c9-ee26-4464-b5b5-1046264b61d9;2025-01-11T04:24:00Z;39.045;39.045;39.045;39.045;1;
7132b1c9-ee26-4464-b5b5-1046264b61d9;2025-01-11T04:26:00Z;39.04;39.04;39.04;39.04;2;
7132b1c9-ee26-4464-b5b5-1046264b61d9;2025-01-11T04:27:00Z;39.04;39.04;39.04;39.04;1;
7132b1c9-ee26-4464-b5b5-1046264b61d9;2025-01-11T04:29:00Z;39.04;39.04;39.04;39.04;2;
7132b1c9-ee26-4464-b5b5-1046264b61d9;2025-01-11T04:31:00Z;39.035;39.035;39.035;39.035;1;
7132b1c9-ee26-4464-b5b5-1046264b61d9;2025-01-11T04:32:00Z;39.04;38.925;39.04;38.925;11;
7132b1c9-ee26-4464-b5b5-1046264b61d9;2025-01-11T04:33:00Z;39.035;39.035;39.035;39.035;1;
7132b1c9-ee26-4464-b5b5-1046264b61d9;2025-01-11T04:37:00Z;39.015;39.3;39.3;39.015;750;
7132b1c9-ee26-4464-b5b5-1046264b61d9;2025-01-11T04:38:00Z;39.29;39.29;39.29;39.29;1;
7132b1c9-ee26-4464-b5b5-1046264b61d9;2025-01-11T04:44:00Z;39.225;39.22;39.225;39.22;13;
7132b1c9-ee26-4464-b5b5-1046264b61d9;2025-01-11T04:45:00Z;39.275;39.275;39.275;39.275;1;
7132b1c9-ee26-4464-b5b5-1046264b61d9;2025-01-11T04:46:00Z;39.175;39.175;39.175;39.175;20;
7132b1c9-ee26-4464-b5b5-1046264b61d9;2025-01-11T04:47:00Z;39.17;39.27;39.27;39.17;11;
7132b1c9-ee26-4464-b5b5-1046264b61d9;2025-01-11T04:52:00Z;39.265;39.265;39.265;39.265;3;
7132b1c9-ee26-4464-b5b5-1046264b61d9;2025-01-11T04:54:00Z;39.175;39.175;39.175;39.175;2;
7132b1c9-ee26-4464-b5b5-1046264b61d9;2025-01-11T04:56:00Z;39.175;39.17;39.175;39.17;63;
7132b1c9-ee26-4464-b5b5-1046264b61d9;2025-01-11T05:00:00Z;39.095;39.015;39.095;39.015;3;
7132b1c9-ee26-4464-b5b5-1046264b61d9;2025-01-11T05:01:00Z;39.1;39.015;39.14;39.015;10;
7132b1c9-ee26-4464-b5b5-1046264b61d9;2025-01-11T05:06:00Z;39.13;39.13;39.13;39.13;1;
7132b1c9-ee26-4464-b5b5-1046264b61d9;2025-01-11T05:09:00Z;39.13;39.13;39.13;39.13;1;
7132b1c9-ee26-4464-b5b5-1046264b61d9;2025-01-11T05:10:00Z;39.13;39.13;39.13;39.13;3;
7132b1c9-ee26-4464-b5b5-1046264b61d9;2025-01-11T05:11:00Z;39.015;39.015;39.015;39.015;1;
7132b1c9-ee26-4464-b5b5-1046264b61d9;2025-01-11T05:14:00Z;39.03;39.13;39.13;39.03;50;
7132b1c9-ee26-4464-b5b5-1046264b61d9;2025-01-11T05:15:00Z;39.125;39.02;39.125;39.015;56;
7132b1c9-ee26-4464-b5b5-1046264b61d9;2025-01-11T05:16:00Z;39.12;39.12;39.12;39.12;1;
7132b1c9-ee26-4464-b5b5-1046264b61d9;2025-01-11T05:17:00Z;39.01;39.01;39.01;39.01;13;
7132b1c9-ee26-4464-b5b5-1046264b61d9;2025-01-11T05:28:00Z;39.095;39.095;39.095;39.095;2;
7132b1c9-ee26-4464-b5b5-1046264b61d9;2025-01-11T05:31:00Z;39.02;39.015;39.02;39.015;30;
7132b1c9-ee26-4464-b5b5-1046264b61d9;2025-01-11T05:33:00Z;39.015;39.015;39.015;39.015;1;
7132b1c9-ee26-4464-b5b5-1046264b61d9;2025-01-11T05:35:00Z;39.015;39.015;39.015;39.015;7;
7132b1c9-ee26-4464-b5b5-1046264b61d9;2025-01-11T05:38:00Z;39.015;39.015;39.015;39.015;39;
7132b1c9-ee26-4464-b5b5-1046264b61d9;2025-01-11T05:41:00Z;39.09;39.09;39.09;39.09;4;
7132b1c9-ee26-4464-b5b5-1046264b61d9;2025-01-11T05:42:00Z;39.09;39.09;39.09;39.09;1;
7132b1c9-ee26-4464-b5b5-1046264b61d9;2025-01-11T05:43:00Z;39.09;39.095;39.095;39.09;7;
7132b1c9-ee26-4464-b5b5-1046264b61d9;2025-01-11T05:44:00Z;39.1;39.1;39.1;39.1;2;
7132b1c9-ee26-4464-b5b5-1046264b61d9;2025-01-11T05:46:00Z;39.015;39.1;39.1;39.015;2;
7132b1c9-ee26-4464-b5b5-1046264b61d9;2025-01-11T05:47:00Z;39.015;39.015;39.015;39.015;2;
7132b1c9-ee26-4464-b5b5-1046264b61d9;2025-01-11T05:48:00Z;39.015;39.1;39.1;39.015;8;
7132b1c9-ee26-4464-b5b5-1046264b61d9;2025-01-11T05:50:00Z;39.015;39.015;39.015;39.015;3;
7132b1c9-ee26-4464-b5b5-1046264b61d9;2025-01-11T05:52:00Z;39.015;39.015;39.015;39.015;20;
7132b1c9-ee26-4464-b5b5-1046264b61d9;2025-01-11T05:53:00Z;39.1;39.1;39.1;39.1;1;
7132b1c9-ee26-4464-b5b5-1046264b61d9;2025-01-11T05:54:00Z;39.1;39.1;39.1;39.1;1;
7132b1c9-ee26-4464-b5b5-1046264b61d9;2025-01-11T05:55:00Z;39.1;39.12;39.12;39.1;5;
7132b1c9-ee26-4464-b5b5-1046264b61d9;2025-01-11T05:56:00Z;39.12;39.12;39.12;39.12;3;
7132b1c9-ee26-4464-b5b5-1046264b61d9;2025-01-11T05:59:00Z;39.12;39.125;39.125;39.03;17;
7132b1c9-ee26-4464-b5b5-1046264b61d9;2025-01-11T06:00:00Z;39.035;39;39.035;39;891;
7132b1c9-ee26-4464-b5b5-1046264b61d9;2025-01-11T06:03:00Z;39.11;39.11;39.11;39.11;20;
7132b1c9-ee26-4464-b5b5-1046264b61d9;2025-01-11T06:04:00Z;39.005;39.005;39.005;39.005;5;
7132b1c9-ee26-4464-b5b5-1046264b61d9;2025-01-11T06:05:00Z;39.115;39.015;39.115;39.015;35;
7132b1c9-ee26-4464-b5b5-1046264b61d9;2025-01-11T06:06:00Z;39.015;39.015;39.015;39.015;3;
7132b1c9-ee26-4464-b5b5-1046264b61d9;2025-01-11T06:07:00Z;39.015;39.015;39.015;39.015;2;
7132b1c9-ee26-4464-b5b5-1046264b61d9;2025-01-11T06:08:00Z;39.09;39.09;39.09;39.09;2;
7132b1c9-ee26-4464-b5b5-1046264b61d9;2025-01-11T06:09:00Z;39.075;39.015;39.075;39.015;6;
7132b1c9-ee26-4464-b5b5-1046264b61d9;2025-01-11T06:10:00Z;39.015;39.075;39.075;39.015;3;
7132b1c9-ee26-4464-b5b5-1046264b61d9;2025-01-11T06:11:00Z;39.075;39.075;39.075;39.075;1;
7132b1c9-ee26-4464-b5b5-1046264b61d9;2025-01-11T06:13:00Z;39.075;39.075;39.075;39.075;1;
7132b1c9-ee26-4464-b5b5-1046264b61d9;2025-01-11T06:14:00Z;39.075;39.075;39.075;39.075;11;
7132b1c9-ee26-4464-b5b5-1046264b61d9;2025-01-11T06:15:00Z;39.015;39.015;39.015;39.015;1;
7132b1c9-ee26-4464-b5b5-1046264b61d9;2025-01-11T06:16:00Z;39.075;39.065;39.075;39.065;9;
7132b1c9-ee26-4464-b5b5-1046264b61d9;2025-01-11T06:17:00Z;39.065;39.065;39.065;39.015;4;
7132b1c9-ee26-4464-b5b5-1046264b61d9;2025-01-11T06:18:00Z;39.015;39.01;39.015;39.01;2;
7132b1c9-ee26-4464-b5b5-1046264b61d9;2025-01-11T06:19:00Z;39.065;39.015;39.065;39.015;142;
7132b1c9-ee26-4464-b5b5-1046264b61d9;2025-01-11T06:21:00Z;39.015;39.015;39.015;39.015;6;
7132b1c9-ee26-4464-b5b5-1046264b61d9;2025-01-11T06:22:00Z;39.1;39.1;39.1;39.1;2;
7132b1c9-ee26-4464-b5b5-1046264b61d9;2025-01-11T06:23:00Z;39.015;39.125;39.125;39.015;6;
7132b1c9-ee26-4464-b5b5-1046264b61d9;2025-01-11T06:24:00Z;39.04;39.04;39.04;39.04;3;
7132b1c9-ee26-4464-b5b5-1046264b61d9;2025-01-11T06:25:00Z;39.12;39.12;39.12;39.12;2;
7132b1c9-ee26-4464-b5b5-1046264b61d9;2025-01-11T06:26:00Z;39.12;39.12;39.12;39.12;1;
7132b1c9-ee26-4464-b5b5-1046264b61d9;2025-01-11T06:27:00Z;39.04;39.005;39.04;39.005;100;
7132b1c9-ee26-4464-b5b5-1046264b61d9;2025-01-11T06:29:00Z;39.095;39;39.095;39;121;
7132b1c9-ee26-4464-b5b5-1046264b61d9;2025-01-11T06:32:00Z;39;39;39.085;39;51;
7132b1c9-ee26-4464-b5b5-1046264b61d9;2025-01-11T06:33:00Z;39;39;39;39;1;
7132b1c9-ee26-4464-b5b5-1046264b61d9;2025-01-11T06:34:00Z;39.09;39;39.09;39;6;
7132b1c9-ee26-4464-b5b5-1046264b61d9;2025-01-11T06:35:00Z;39;39.09;39.09;39;54;
7132b1c9-ee26-4464-b5b5-1046264b61d9;2025-01-11T06:37:00Z;39.065;39.065;39.065;39.065;3;
7132b1c9-ee26-4464-b5b5-1046264b61d9;2025-01-11T06:38:00Z;39.055;39.045;39.055;39.045;5;
7132b1c9-ee26-4464-b5b5-1046264b61d9;2025-01-11T06:40:00Z;39.03;39.035;39.035;39.03;45;
7132b1c9-ee26-4464-b5b5-1046264b61d9;2025-01-11T06:41:00Z;39.005;39.005;39.005;39.005;13;
7132b1c9-ee26-4464-b5b5-1046264b61d9;2025-01-11T06:42:00Z;39.005;39.005;39.005;39.005;9;
7132b1c9-ee26-4464-b5b5-1046264b61d9;2025-01-11T06:43:00Z;39.005;39.005;39.005;39.005;14;
7132b1c9-ee26-4464-b5b5-1046264b61d9;2025-01-11T06:44:00Z;39.085;39.085;39.085;39.085;28;
7132b1c9-ee26-4464-b5b5-1046264b61d9;2025-01-11T06:45:00Z;39.085;39.085;39.085;39.085;18;
7132b1c9-ee26-4464-b5b5-1046264b61d9;2025-01-11T06:46:00Z;39.085;39.085;39.085;39.085;28;
7132b1c9-ee26-4464-b5b5-1046264b61d9;2025-01-11T06:47:00Z;39.085;39.085;39.085;39.085;1;
7132b1c9-ee26-4464-b5b5-1046264b61d9;2025-01-11T06:49:00Z;39.085;39.085;39.085;39.085;7;
7132b1c9-ee26-4464-b5b5-1046264b61d9;2025-01-11T06:50:00Z;39.085;39.085;39.085;39.085;1;
7132b1c9-ee26-4464-b5b5-1046264b61d9;2025-01-11T06:52:00Z;39.01;39.01;39.01;39.01;40;
7132b1c9-ee26-4464-b5b5-1046264b61d9;2025-01-11T06:54:00Z;39.075;39.08;39.08;39.075;6;
7132b1c9-ee26-4464-b5b5-1046264b61d9;2025-01-11T06:56:00Z;39.08;39.1;39.1;39.08;133;
7132b1c9-ee26-4464-b5b5-1046264b61d9;2025-01-11T06:57:00Z;39.11;39.12;39.12;39.1;141;
7132b1c9-ee26-4464-b5b5-1046264b61d9;2025-01-11T06:58:00Z;39.12;39.12;39.12;39.12;1;
7132b1c9-ee26-4464-b5b5-1046264b61d9;2025-01-11T06:59:00Z;39.12;39.12;39.12;39.12;2;
7132b1c9-ee26-4464-b5b5-1046264b61d9;2025-01-11T07:00:00Z;39.12;39.085;39.12;39.085;73;
7132b1c9-ee26-4464-b5b5-1046264b61d9;2025-01-11T07:01:00Z;39.085;39.085;39.085;39.085;10;
7132b1c9-ee26-4464-b5b5-1046264b61d9;2025-01-11T07:02:00Z;39.085;39.085;39.085;39.085;27;
7132b1c9-ee26-4464-b5b5-1046264b61d9;2025-01-11T07:04:00Z;39.08;39.08;39.08;39.08;1;
7132b1c9-ee26-4464-b5b5-1046264b61d9;2025-01-11T07:05:00Z;39.085;39.08;39.085;39.08;3;
7132b1c9-ee26-4464-b5b5-1046264b61d9;2025-01-11T07:06:00Z;39.085;39.085;39.085;39.085;109;
7132b1c9-ee26-4464-b5b5-1046264b61d9;2025-01-11T07:07:00Z;39.085;39.085;39.085;39.085;22;
7132b1c9-ee26-4464-b5b5-1046264b61d9;2025-01-11T07:08:00Z;39.08;39.08;39.08;39.08;1;
7132b1c9-ee26-4464-b5b5-1046264b61d9;2025-01-11T07:10:00Z;39.02;39.08;39.08;39.02;3;
7132b1c9-ee26-4464-b5b5-1046264b61d9;2025-01-11T07:12:00Z;39.02;39.02;39.02;39.02;36;
7132b1c9-ee26-4464-b5b5-1046264b61d9;2025-01-11T07:13:00Z;39.08;39.08;39.08;39.08;1;
7132b1c9-ee26-4464-b5b5-1046264b61d9;2025-01-11T07:17:00Z;39.075;39.02;39.08;39.02;13;
7132b1c9-ee26-4464-b5b5-1046264b61d9;2025-01-11T07:18:00Z;39.08;39.155;39.155;39.08;508;
7132b1c9-ee26-4464-b5b5-1046264b61d9;2025-01-11T07:19:00Z;39.155;39.155;39.155;39.155;1;
7132b1c9-ee26-4464-b5b5-1046264b61d9;2025-01-11T07:20:00Z;39.15;39.15;39.15;39.15;3;
7132b1c9-ee26-4464-b5b5-1046264b61d9;2025-01-11T07:21:00Z;39.04;39.05;39.05;39.04;21;
7132b1c9-ee26-4464-b5b5-1046264b61d9;2025-01-11T07:24:00Z;39.045;39.17;39.17;39.045;600;
7132b1c9-ee26-4464-b5b5-1046264b61d9;2025-01-11T07:25:00Z;39.065;39.065;39.065;39.065;60;
7132b1c9-ee26-4464-b5b5-1046264b61d9;2025-01-11T07:28:00Z;39.08;39.135;39.135;39.08;7;
7132b1c9-ee26-4464-b5b5-1046264b61d9;2025-01-11T07:29:00Z;39.14;39.165;39.165;39.14;178;
7132b1c9-ee26-4464-b5b5-1046264b61d9;2025-01-11T07:30:00Z;39.075;39.075;39.075;39.075;5;
7132b1c9-ee26-4464-b5b5-1046264b61d9;2025-01-11T07:31:00Z;39.16;39.08;39.16;39.08;16;
7132b1c9-ee26-4464-b5b5-1046264b61d9;2025-01-11T07:32:00Z;39.16;39.06;39.16;39.06;11;
7132b1c9-ee26-4464-b5b5-1046264b61d9;2025-01-11T07:35:00Z;39.16;39.16;39.16;39.16;2;
7132b1c9-ee26-4464-b5b5-1046264b61d9;2025-01-11T07:38:00Z;39.16;39.16;39.16;39.16;6;
7132b1c9-ee26-4464-b5b5-1046264b61d9;2025-01-11T07:39:00Z;39.155;39.16;39.16;39.155;73;
7132b1c9-ee26-4464-b5b5-1046264b61d9;2025-01-11T07:41:00Z;39.16;39.16;39.16;39.16;1;
7132b1c9-ee26-4464-b5b5-1046264b61d9;2025-01-11T07:42:00Z;39.085;39.06;39.085;39.06;79;
7132b1c9-ee26-4464-b5b5-1046264b61d9;2025-01-11T07:43:00Z;39.07;39.07;39.07;39.07;1;
7132b1c9-ee26-4464-b5b5-1046264b61d9;2025-01-11T07:45:00Z;39.15;39.155;39.155;39.15;6;
7132b1c9-ee26-4464-b5b5-1046264b61d9;2025-01-11T07:46:00Z;39.155;39.1;39.155;39.1;6;
7132b1c9-ee26-4464-b5b5-1046264b61d9;2025-01-11T07:48:00Z;39.105;39.015;39.105;39.015;285;
7132b1c9-ee26-4464-b5b5-1046264b61d9;2025-01-11T07:49:00Z;39.025;39.145;39.145;39.025;3;
7132b1c9-ee26-4464-b5b5-1046264b61d9;2025-01-11T07:50:00Z;39.135;39.14;39.14;39.135;10;
7132b1c9-ee26-4464-b5b5-1046264b61d9;2025-01-11T07:53:00Z;39.03;39.02;39.12;39.02;13;
7132b1c9-ee26-4464-b5b5-1046264b61d9;2025-01-11T07:54:00Z;39.12;39.12;39.12;39.02;4;
7132b1c9-ee26-4464-b5b5-1046264b61d9;2025-01-11T07:56:00Z;39.11;39.125;39.125;39.11;5;
7132b1c9-ee26-4464-b5b5-1046264b61d9;2025-01-11T07:57:00Z;39.125;39.125;39.125;39.125;4;
7132b1c9-ee26-4464-b5b5-1046264b61d9;2025-01-11T08:00:00Z;39.025;39.025;39.025;39.025;2;
7132b1c9-ee26-4464-b5b5-1046264b61d9;2025-01-11T08:01:00Z;39.02;39.115;39.115;39.02;5;
7132b1c9-ee26-4464-b5b5-1046264b61d9;2025-01-11T08:02:00Z;39.115;39.11;39.115;39.11;3;
7132b1c9-ee26-4464-b5b5-1046264b61d9;2025-01-11T08:06:00Z;39.11;39.11;39.11;39.11;1;
7132b1c9-ee26-4464-b5b5-1046264b61d9;2025-01-11T08:07:00Z;39.11;39.025;39.11;39.025;5;
7132b1c9-ee26-4464-b5b5-1046264b61d9;2025-01-11T08:08:00Z;39.025;39.02;39.105;39.02;26;
7132b1c9-ee26-4464-b5b5-1046264b61d9;2025-01-11T08:10:00Z;39.09;39.09;39.09;39.09;1;
7132b1c9-ee26-4464-b5b5-1046264b61d9;2025-01-11T08:11:00Z;39.09;39.105;39.11;39.09;26;
7132b1c9-ee26-4464-b5b5-1046264b61d9;2025-01-11T08:12:00Z;39.03;39.03;39.03;39.03;2;
7132b1c9-ee26-4464-b5b5-1046264b61d9;2025-01-11T08:16:00Z;39.11;39.115;39.115;39.11;4;
7132b1c9-ee26-4464-b5b5-1046264b61d9;2025-01-11T08:17:00Z;39.03;39.115;39.115;39.03;32;
7132b1c9-ee26-4464-b5b5-1046264b61d9;2025-01-11T08:19:00Z;39.115;39.115;39.115;39.115;26;
7132b1c9-ee26-4464-b5b5-1046264b61d9;2025-01-11T08:20:00Z;39.115;39.115;39.115;39.115;1;
7132b1c9-ee26-4464-b5b5-1046264b61d9;2025-01-11T08:21:00Z;39.035;39.115;39.115;39.035;5;
7132b1c9-ee26-4464-b5b5-1046264b61d9;2025-01-11T08:22:00Z;39.115;39.115;39.115;39.115;1;
7132b1c9-ee26-4464-b5b5-1046264b61d9;2025-01-11T08:23:00Z;39.04;39.1;39.12;39.01;510;
7132b1c9-ee26-4464-b5b5-1046264b61d9;2025-01-11T08:24:00Z;39.115;39.03;39.115;39.03;6;
7132b1c9-ee26-4464-b5b5-1046264b61d9;2025-01-11T08:26:00Z;39.03;39.015;39.03;39.015;7;
7132b1c9-ee26-4464-b5b5-1046264b61d9;2025-01-11T08:28:00Z;39.095;39.1;39.1;39.095;5;
7132b1c9-ee26-4464-b5b5-1046264b61d9;2025-01-11T08:30:00Z;39.095;39.015;39.095;39.015;53;
7132b1c9-ee26-4464-b5b5-1046264b61d9;2025-01-11T08:31:00Z;39.02;39.02;39.02;39.02;2;
7132b1c9-ee26-4464-b5b5-1046264b61d9;2025-01-11T08:33:00Z;39.02;39.02;39.02;39.02;1;
7132b1c9-ee26-4464-b5b5-1046264b61d9;2025-01-11T08:34:00Z;39.085;39.085;39.085;39.085;1;
7132b1c9-ee26-4464-b5b5-1046264b61d9;2025-01-11T08:35:00Z;39.085;39.085;39.085;39.085;1;
7132b1c9-ee26-4464-b5b5-1046264b61d9;2025-01-11T08:38:00Z;39.03;39.03;39.03;39.03;1;
7132b1c9-ee26-4464-b5b5-1046264b61d9;2025-01-11T08:40:00Z;39.085;39.085;39.085;39.085;11;
7132b1c9-ee26-4464-b5b5-1046264b61d9;2025-01-11T08:41:00Z;39.085;39.085;39.085;39.085;3;
7132b1c9-ee26-4464-b5b5-1046264b61d9;2025-01-11T08:42:00Z;39.085;39.035;39.085;39.035;24;
7132b1c9-ee26-4464-b5b5-1046264b61d9;2025-01-11T08:43:00Z;39.035;39.005;39.035;39.005;65;
7132b1c9-ee26-4464-b5b5-1046264b61d9;2025-01-11T08:45:00Z;39.08;39.01;39.08;39.01;3;
7132b1c9-ee26-4464-b5b5-1046264b61d9;2025-01-11T08:47:00Z;39.01;39.01;39.01;39.01;1;
7132b1c9-ee26-4464-b5b5-1046264b61d9;2025-01-11T08:48:00Z;39.005;39.005;39.005;39.005;57;
7132b1c9-ee26-4464-b5b5-1046264b61d9;2025-01-11T08:50:00Z;39.06;39.06;39.06;39.06;1;
7132b1c9-ee26-4464-b5b5-1046264b61d9;2025-01-11T08:52:00Z;39.035;39.03;39.035;39.03;13;
7132b1c9-ee26-4464-b5b5-1046264b61d9;2025-01-11T08:53:00Z;39.045;39.05;39.05;39.045;4;
7132b1c9-ee26-4464-b5b5-1046264b61d9;2025-01-11T08:54:00Z;39.05;39.05;39.05;39.05;2;
7132b1c9-ee26-4464-b5b5-1046264b61d9;2025-01-11T08:55:00Z;39.005;39.005;39.005;39.005;1;
7132b1c9-ee26-4464-b5b5-1046264b61d9;2025-01-11T08:56:00Z;39.05;39.005;39.05;39.005;25;
7132b1c9-ee26-4464-b5b5-1046264b61d9;2025-01-11T09:00:00Z;39.015;39.01;39.015;39.01;5;
7132b1c9-ee26-4464-b5b5-1046264b61d9;2025-01-11T09:01:00Z;39.04;39.04;39.04;39.04;1;
7132b1c9-ee26-4464-b5b5-1046264b61d9;2025-01-11T09:02:00Z;39.045;39.045;39.045;39.045;1;
7132b1c9-ee26-4464-b5b5-1046264b61d9;2025-01-11T09:04:00Z;39.01;39.01;39.045;39.01;4;
7132b1c9-ee26-4464-b5b5-1046264b61d9;2025-01-11T09:05:00Z;39.045;39.045;39.045;39.045;1;
7132b1c9-ee26-4464-b5b5-1046264b61d9;2025-01-11T09:06:00Z;39.045;39.045;39.045;39.045;1;
7132b1c9-ee26-4464-b5b5-1046264b61d9;2025-01-11T09:07:00Z;39.045;39.045;39.045;39.045;31;
7132b1c9-ee26-4464-b5b5-1046264b61d9;2025-01-11T09:09:00Z;39.015;39.015;39.015;39.015;1;
7132b1c9-ee26-4464-b5b5-1046264b61d9;2025-01-11T09:10:00Z;39.015;39.015;39.015;39.015;17;
7132b1c9-ee26-4464-b5b5-1046264b61d9;2025-01-11T09:11:00Z;39.03;39.03;39.03;39.03;5;
7132b1c9-ee26-4464-b5b5-1046264b61d9;2025-01-11T09:12:00Z;39.03;39.03;39.03;39.01;5;
7132b1c9-ee26-4464-b5b5-1046264b61d9;2025-01-11T09:13:00Z;39.01;39.03;39.03;39.01;2;
7132b1c9-ee26-4464-b5b5-1046264b61d9;2025-01-11T09:14:00Z;39.01;39.01;39.03;39.01;40;
7132b1c9-ee26-4464-b5b5-1046264b61d9;2025-01-11T09:15:00Z;39.03;39.01;39.03;39.01;6;
7132b1c9-ee26-4464-b5b5-1046264b61d9;2025-01-11T09:16:00Z;39.01;39.01;39.01;39.01;1;
7132b1c9-ee26-4464-b5b5-1046264b61d9;2025-01-11T09:17:00Z;39.01;39.01;39.01;39.01;2;
7132b1c9-ee26-4464-b5b5-1046264b61d9;2025-01-11T09:19:00Z;39.03;39.03;39.03;39.03;2;
7132b1c9-ee26-4464-b5b5-1046264b61d9;2025-01-11T09:20:00Z;39.03;39.03;39.03;39.03;1;
7132b1c9-ee26-4464-b5b5-1046264b61d9;2025-01-11T09:21:00Z;39.01;39.01;39.01;39.01;3;
7132b1c9-ee26-4464-b5b5-1046264b61d9;2025-01-11T09:22:00Z;39.03;39.03;39.03;39.03;40;
7132b1c9-ee26-4464-b5b5-1046264b61d9;2025-01-11T09:23:00Z;39.01;39.01;39.04;39.01;56;
7132b1c9-ee26-4464-b5b5-1046264b61d9;2025-01-11T09:24:00Z;39.01;39.04;39.04;39.01;55;
7132b1c9-ee26-4464-b5b5-1046264b61d9;2025-01-11T09:26:00Z;39.01;39.01;39.01;39.01;3;
7132b1c9-ee26-4464-b5b5-1046264b61d9;2025-01-11T09:27:00Z;39.01;39.01;39.01;39.01;6;
7132b1c9-ee26-4464-b5b5-1046264b61d9;2025-01-11T09:28:00Z;39.01;39.04;39.04;39.005;65;
7132b1c9-ee26-4464-b5b5-1046264b61d9;2025-01-11T09:31:00Z;39.04;39.04;39.04;39.04;5;
7132b1c9-ee26-4464-b5b5-1046264b61d9;2025-01-11T09:32:00Z;39.01;39.04;39.04;39.01;18;
7132b1c9-ee26-4464-b5b5-1046264b61d9;2025-01-11T09:34:00Z;39.04;39.04;39.04;39.04;1;
7132b1c9-ee26-4464-b5b5-1046264b61d9;2025-01-11T09:35:00Z;39.04;39.04;39.04;39.04;1;
7132b1c9-ee26-4464-b5b5-1046264b61d9;2025-01-11T09:38:00Z;39.01;39.01;39.01;39.01;2;
7132b1c9-ee26-4464-b5b5-1046264b61d9;2025-01-11T09:39:00Z;39.04;39.04;39.04;39.04;1;
7132b1c9-ee26-4464-b5b5-1046264b61d9;2025-01-11T09:40:00Z;39.01;39.01;39.01;39.01;1;
7132b1c9-ee26-4464-b5b5-1046264b61d9;2025-01-11T09:41:00Z;39.04;39.04;39.04;39.04;1;
7132b1c9-ee26-4464-b5b5-1046264b61d9;2025-01-11T09:42:00Z;39.01;39.005;39.01;39.005;3;
7132b1c9-ee26-4464-b5b5-1046264b61d9;2025-01-11T09:43:00Z;39.04;39.04;39.04;39.04;10;
7132b1c9-ee26-4464-b5b5-1046264b61d9;2025-01-11T09:45:00Z;39.01;39.01;39.01;39.01;1;
7132b1c9-ee26-4464-b5b5-1046264b61d9;2025-01-11T09:47:00Z;39.01;39.01;39.01;39.01;1;
7132b1c9-ee26-4464-b5b5-1046264b61d9;2025-01-11T09:48:00Z;39.01;39.01;39.01;39.01;3;
7132b1c9-ee26-4464-b5b5-1046264b61d9;2025-01-11T09:49:00Z;39.04;39.04;39.04;39.04;1;
7132b1c9-ee26-4464-b5b5-1046264b61d9;2025-01-11T09:51:00Z;39.04;39.04;39.04;39.04;15;
7132b1c9-ee26-4464-b5b5-1046264b61d9;2025-01-11T09:52:00Z;39.04;39.04;39.04;39.01;56;
7132b1c9-ee26-4464-b5b5-1046264b61d9;2025-01-11T09:53:00Z;39.01;39.01;39.04;39.01;23;
7132b1c9-ee26-4464-b5b5-1046264b61d9;2025-01-11T09:54:00Z;39.01;39.01;39.01;39.01;6;
7132b1c9-ee26-4464-b5b5-1046264b61d9;2025-01-11T09:55:00Z;39.01;39.01;39.01;39.01;2;
7132b1c9-ee26-4464-b5b5-1046264b61d9;2025-01-11T09:56:00Z;39.01;39.04;39.04;39.01;7;
7132b1c9-ee26-4464-b5b5-1046264b61d9;2025-01-11T09:58:00Z;39.04;39.01;39.04;39.01;4;
7132b1c9-ee26-4464-b5b5-1046264b61d9;2025-01-11T10:00:00Z;39.01;39.04;39.04;39.01;11;
7132b1c9-ee26-4464-b5b5-1046264b61d9;2025-01-11T10:01:00Z;39.04;39.01;39.04;39.01;16;
7132b1c9-ee26-4464-b5b5-1046264b61d9;2025-01-11T10:02:00Z;39.04;39.04;39.04;39.04;1;
7132b1c9-ee26-4464-b5b5-1046264b61d9;2025-01-11T10:03:00Z;39.04;39.04;39.04;39.01;7;
7132b1c9-ee26-4464-b5b5-1046264b61d9;2025-01-11T10:05:00Z;39.01;39.01;39.01;39.01;7;
7132b1c9-ee26-4464-b5b5-1046264b61d9;2025-01-11T10:08:00Z;39.04;39.04;39.04;39.04;7;
7132b1c9-ee26-4464-b5b5-1046264b61d9;2025-01-11T10:09:00Z;39.01;39.04;39.04;39.01;15;
7132b1c9-ee26-4464-b5b5-1046264b61d9;2025-01-11T10:10:00Z;39.04;39.045;39.045;39.04;41;
7132b1c9-ee26-4464-b5b5-1046264b61d9;2025-01-11T10:11:00Z;39.04;39.04;39.04;39.04;2;
7132b1c9-ee26-4464-b5b5-1046264b61d9;2025-01-11T10:12:00Z;39.01;39.01;39.01;39.01;1;
7132b1c9-ee26-4464-b5b5-1046264b61d9;2025-01-11T10:13:00Z;39.04;39.04;39.04;39.04;4;
7132b1c9-ee26-4464-b5b5-1046264b61d9;2025-01-11T10:14:00Z;39.04;39.04;39.04;39.01;5;
7132b1c9-ee26-4464-b5b5-1046264b61d9;2025-01-11T10:15:00Z;39.04;39.01;39.04;39.01;14;
7132b1c9-ee26-4464-b5b5-1046264b61d9;2025-01-11T10:17:00Z;39.04;39.04;39.04;39.04;9;
7132b1c9-ee26-4464-b5b5-1046264b61d9;2025-01-11T10:18:00Z;39.01;39.01;39.01;39.01;2;
7132b1c9-ee26-4464-b5b5-1046264b61d9;2025-01-11T10:19:00Z;39.04;39.16;39.16;39.04;1132;
7132b1c9-ee26-4464-b5b5-1046264b61d9;2025-01-11T10:21:00Z;39.145;39.145;39.145;39.145;2;
7132b1c9-ee26-4464-b5b5-1046264b61d9;2025-01-11T10:23:00Z;39.04;39.04;39.04;39.04;15;
7132b1c9-ee26-4464-b5b5-1046264b61d9;2025-01-11T10:24:00Z;39.055;39.055;39.055;39.055;99;
7132b1c9-ee26-4464-b5b5-1046264b61d9;2025-01-11T10:25:00Z;39.03;39.03;39.03;39.03;4;
7132b1c9-ee26-4464-b5b5-1046264b61d9;2025-01-11T10:27:00Z;39.095;39.095;39.14;39.095;129;
7132b1c9-ee26-4464-b5b5-1046264b61d9;2025-01-11T10:28:00Z;39.14;39.095;39.14;39.095;4;
7132b1c9-ee26-4464-b5b5-1046264b61d9;2025-01-11T10:32:00Z;39.05;39.04;39.05;39.04;6;
7132b1c9-ee26-4464-b5b5-1046264b61d9;2025-01-11T10:33:00Z;39.045;39.045;39.045;39.045;2;
7132b1c9-ee26-4464-b5b5-1046264b61d9;2025-01-11T10:35:00Z;39.045;39.135;39.135;39.045;3;
7132b1c9-ee26-4464-b5b5-1046264b61d9;2025-01-11T10:37:00Z;39.1;39.1;39.1;39.1;1;
7132b1c9-ee26-4464-b5b5-1046264b61d9;2025-01-11T10:38:00Z;39.055;39.135;39.135;39.055;2;
7132b1c9-ee26-4464-b5b5-1046264b61d9;2025-01-11T10:39:00Z;39.14;39.14;39.14;39.14;2;
7132b1c9-ee26-4464-b5b5-1046264b61d9;2025-01-11T10:40:00Z;39.055;39.135;39.135;39.055;4;
7132b1c9-ee26-4464-b5b5-1046264b61d9;2025-01-11T10:41:00Z;39.135;39.135;39.135;39.05;3;
7132b1c9-ee26-4464-b5b5-1046264b61d9;2025-01-11T10:42:00Z;39.135;39.135;39.135;39.135;1;
7132b1c9-ee26-4464-b5b5-1046264b61d9;2025-01-11T10:43:00Z;39.135;39.065;39.15;39.065;57;
7132b1c9-ee26-4464-b5b5-1046264b61d9;2025-01-11T10:44:00Z;39.07;39.07;39.07;39.07;6;
7132b1c9-ee26-4464-b5b5-1046264b61d9;2025-01-11T10:45:00Z;39.07;39.05;39.07;39.05;24;
7132b1c9-ee26-4464-b5b5-1046264b61d9;2025-01-11T10:48:00Z;39.125;39.125;39.125;39.125;1;
7132b1c9-ee26-4464-b5b5-1046264b61d9;2025-01-11T10:50:00Z;39.115;39.115;39.115;39.115;4;
7132b1c9-ee26-4464-b5b5-1046264b61d9;2025-01-11T10:52:00Z;39.05;39.045;39.05;39.045;4;
7132b1c9-ee26-4464-b5b5-1046264b61d9;2025-01-11T10:53:00Z;39.045;39.045;39.045;39.045;4;
7132b1c9-ee26-4464-b5b5-1046264b61d9;2025-01-11T10:55:00Z;39.05;39.05;39.05;39.05;1;
7132b1c9-ee26-4464-b5b5-1046264b61d9;2025-01-11T10:56:00Z;39.05;39.045;39.05;39.045;3;
7132b1c9-ee26-4464-b5b5-1046264b61d9;2025-01-11T10:57:00Z;39.11;39.115;39.115;39.11;2;
7132b1c9-ee26-4464-b5b5-1046264b61d9;2025-01-11T10:59:00Z;39.05;39.045;39.05;39.045;14;
7132b1c9-ee26-4464-b5b5-1046264b61d9;2025-01-11T11:01:00Z;39.04;39.045;39.045;39;853;
7132b1c9-ee26-4464-b5b5-1046264b61d9;2025-01-11T11:02:00Z;39.015;39.01;39.015;39.01;2;
7132b1c9-ee26-4464-b5b5-1046264b61d9;2025-01-11T11:04:00Z;39.095;39.095;39.095;39.095;1;
7132b1c9-ee26-4464-b5b5-1046264b61d9;2025-01-11T11:05:00Z;39.015;39.005;39.015;39.005;3;
7132b1c9-ee26-4464-b5b5-1046264b61d9;2025-01-11T11:07:00Z;39;39.085;39.085;39;8;
7132b1c9-ee26-4464-b5b5-1046264b61d9;2025-01-11T11:08:00Z;39.005;39;39.095;39;92;
7132b1c9-ee26-4464-b5b5-1046264b61d9;2025-01-11T11:09:00Z;39.005;39.065;39.065;39;54;
7132b1c9-ee26-4464-b5b5-1046264b61d9;2025-01-11T11:10:00Z;39.07;39.07;39.07;39.07;2;
7132b1c9-ee26-4464-b5b5-1046264b61d9;2025-01-11T11:11:00Z;39.005;39;39.005;39;6;
7132b1c9-ee26-4464-b5b5-1046264b61d9;2025-01-11T11:12:00Z;39.005;39.005;39.005;39.005;3;
7132b1c9-ee26-4464-b5b5-1046264b61d9;2025-01-11T11:14:00Z;39.095;39.095;39.095;39.09;4;
7132b1c9-ee26-4464-b5b5-1046264b61d9;2025-01-11T11:15:00Z;39.085;39.085;39.085;39.085;2;
7132b1c9-ee26-4464-b5b5-1046264b61d9;2025-01-11T11:18:00Z;39.085;39.085;39.085;39.085;3;
7132b1c9-ee26-4464-b5b5-1046264b61d9;2025-01-11T11:20:00Z;39.085;39.085;39.085;39.085;5;
7132b1c9-ee26-4464-b5b5-1046264b61d9;2025-01-11T11:23:00Z;39.01;39.005;39.01;39.005;3;
7132b1c9-ee26-4464-b5b5-1046264b61d9;2025-01-11T11:26:00Z;39.075;39.08;39.08;39.075;166;
7132b1c9-ee26-4464-b5b5-1046264b61d9;2025-01-11T11:28:00Z;39.08;39.08;39.08;39.08;3;
7132b1c9-ee26-4464-b5b5-1046264b61d9;2025-01-11T11:29:00Z;39.08;39.01;39.08;39.01;8;
7132b1c9-ee26-4464-b5b5-1046264b61d9;2025-01-11T11:30:00Z;39.075;39.075;39.075;39.075;1;
7132b1c9-ee26-4464-b5b5-1046264b61d9;2025-01-11T11:31:00Z;39.08;39.01;39.08;39.01;7;
7132b1c9-ee26-4464-b5b5-1046264b61d9;2025-01-11T11:33:00Z;39.075;39.075;39.075;39.075;1;
7132b1c9-ee26-4464-b5b5-1046264b61d9;2025-01-11T11:34:00Z;39.015;39.01;39.015;39.01;2;
7132b1c9-ee26-4464-b5b5-1046264b61d9;2025-01-11T11:35:00Z;39.01;39.01;39.01;39.01;10;
7132b1c9-ee26-4464-b5b5-1046264b61d9;2025-01-11T11:36:00Z;39.07;39.07;39.07;39.07;1;
7132b1c9-ee26-4464-b5b5-1046264b61d9;2025-01-11T11:37:00Z;39.07;39.01;39.07;39.01;3;
7132b1c9-ee26-4464-b5b5-1046264b61d9;2025-01-11T11:40:00Z;39.01;39;39.01;39;1104;
7132b1c9-ee26-4464-b5b5-1046264b61d9;2025-01-11T11:41:00Z;39.07;39.07;39.07;39.07;1;
7132b1c9-ee26-4464-b5b5-1046264b61d9;2025-01-11T11:42:00Z;39.005;39.065;39.065;39.005;6;
7132b1c9-ee26-4464-b5b5-1046264b61d9;2025-01-11T11:43:00Z;39.07;39.07;39.07;39.07;3;
7132b1c9-ee26-4464-b5b5-1046264b61d9;2025-01-11T11:45:00Z;39.01;39.005;39.01;39.005;2;
7132b1c9-ee26-4464-b5b5-1046264b61d9;2025-01-11T11:46:00Z;39;39;39;39;51;
7132b1c9-ee26-4464-b5b5-1046264b61d9;2025-01-11T11:48:00Z;39.06;39.005;39.06;39.005;10;
7132b1c9-ee26-4464-b5b5-1046264b61d9;2025-01-11T11:50:00Z;39.005;39;39.005;39;15;
7132b1c9-ee26-4464-b5b5-1046264b61d9;2025-01-11T11:54:00Z;39;39;39;39;7;
7132b1c9-ee26-4464-b5b5-1046264b61d9;2025-01-11T11:55:00Z;39.045;39.05;39.05;39.045;8;
7132b1c9-ee26-4464-b5b5-1046264b61d9;2025-01-11T11:56:00Z;39.05;39.06;39.06;39;9;
7132b1c9-ee26-4464-b5b5-1046264b61d9;2025-01-11T11:58:00Z;39.005;39;39.005;39;31;
7132b1c9-ee26-4464-b5b5-1046264b61d9;2025-01-11T12:00:00Z;39.005;39;39.005;39;30;
7132b1c9-ee26-4464-b5b5-1046264b61d9;2025-01-11T12:02:00Z;39.005;39.005;39.005;39.005;3;
7132b1c9-ee26-4464-b5b5-1046264b61d9;2025-01-11T12:03:00Z;39.005;39.005;39.005;39.005;3;
7132b1c9-ee26-4464-b5b5-1046264b61d9;2025-01-11T12:05:00Z;39.045;39.045;39.045;39.045;2;
7132b1c9-ee26-4464-b5b5-1046264b61d9;2025-01-11T12:06:00Z;39.005;39;39.005;39;30;
7132b1c9-ee26-4464-b5b5-1046264b61d9;2025-01-11T12:07:00Z;39;39;39;39;15;
7132b1c9-ee26-4464-b5b5-1046264b61d9;2025-01-11T12:08:00Z;39.055;39.055;39.055;39.055;2;
7132b1c9-ee26-4464-b5b5-1046264b61d9;2025-01-11T12:09:00Z;39.055;39.055;39.055;39.055;3;
7132b1c9-ee26-4464-b5b5-1046264b61d9;2025-01-11T12:10:00Z;39.055;39.055;39.055;39.005;11;
7132b1c9-ee26-4464-b5b5-1046264b61d9;2025-01-11T12:12:00Z;39.055;39.055;39.055;39.055;1;
7132b1c9-ee26-4464-b5b5-1046264b61d9;2025-01-11T12:14:00Z;39.055;39.055;39.055;39.055;2;
7132b1c9-ee26-4464-b5b5-1046264b61d9;2025-01-11T12:15:00Z;39.055;39.005;39.055;39.005;22;
7132b1c9-ee26-4464-b5b5-1046264b61d9;2025-01-11T12:16:00Z;39.005;39.005;39.005;39.005;3;
7132b1c9-ee26-4464-b5b5-1046264b61d9;2025-01-11T12:20:00Z;39.055;39.055;39.055;39.055;18;
7132b1c9-ee26-4464-b5b5-1046264b61d9;2025-01-11T12:22:00Z;39.055;39.055;39.055;39.055;1;
7132b1c9-ee26-4464-b5b5-1046264b61d9;2025-01-11T12:23:00Z;39.05;39.05;39.05;39.05;1;
7132b1c9-ee26-4464-b5b5-1046264b61d9;2025-01-11T12:24:00Z;39.005;39.005;39.005;39.005;6;
7132b1c9-ee26-4464-b5b5-1046264b61d9;2025-01-11T12:25:00Z;39.055;39.06;39.06;39.055;170;
7132b1c9-ee26-4464-b5b5-1046264b61d9;2025-01-11T12:30:00Z;39.065;39.08;39.08;39.065;5;
7132b1c9-ee26-4464-b5b5-1046264b61d9;2025-01-11T12:32:00Z;39.06;39.085;39.085;39.06;32;
7132b1c9-ee26-4464-b5b5-1046264b61d9;2025-01-11T12:35:00Z;39.085;39.085;39.085;39.085;4;
7132b1c9-ee26-4464-b5b5-1046264b61d9;2025-01-11T12:42:00Z;39.085;39.085;39.085;39.085;15;
7132b1c9-ee26-4464-b5b5-1046264b61d9;2025-01-11T12:45:00Z;39.085;39.085;39.085;39.085;1;
7132b1c9-ee26-4464-b5b5-1046264b61d9;2025-01-11T12:46:00Z;39.085;39.085;39.085;39.085;50;
7132b1c9-ee26-4464-b5b5-1046264b61d9;2025-01-11T12:47:00Z;39.07;39.06;39.07;39.06;7;
7132b1c9-ee26-4464-b5b5-1046264b61d9;2025-01-11T12:51:00Z;39.08;39.08;39.08;39.08;3;
7132b1c9-ee26-4464-b5b5-1046264b61d9;2025-01-11T12:52:00Z;39.06;39.055;39.06;39.055;19;
7132b1c9-ee26-4464-b5b5-1046264b61d9;2025-01-11T12:53:00Z;39.055;39.08;39.08;39.055;5;
7132b1c9-ee26-4464-b5b5-1046264b61d9;2025-01-11T12:54:00Z;39.055;39.055;39.055;39.055;2;
7132b1c9-ee26-4464-b5b5-1046264b61d9;2025-01-11T12:56:00Z;39.08;39.055;39.08;39.055;3;
7132b1c9-ee26-4464-b5b5-1046264b61d9;2025-01-11T12:57:00Z;39.08;39.08;39.08;39.08;26;
7132b1c9-ee26-4464-b5b5-1046264b61d9;2025-01-11T12:59:00Z;39.055;39.08;39.08;39.055;36;
7132b1c9-ee26-4464-b5b5-1046264b61d9;2025-01-11T13:02:00Z;39.08;39.055;39.08;39.055;2;
7132b1c9-ee26-4464-b5b5-1046264b61d9;2025-01-11T13:03:00Z;39.08;39.08;39.08;39.08;3;
7132b1c9-ee26-4464-b5b5-1046264b61d9;2025-01-11T13:04:00Z;39.055;39.055;39.055;39.055;3;
7132b1c9-ee26-4464-b5b5-1046264b61d9;2025-01-11T13:05:00Z;39.055;39.055;39.055;39.055;1;
7132b1c9-ee26-4464-b5b5-1046264b61d9;2025-01-11T13:07:00Z;39.055;39.055;39.055;39.055;1;
7132b1c9-ee26-4464-b5b5-1046264b61d9;2025-01-11T13:08:00Z;39.08;39.08;39.08;39.08;6;
7132b1c9-ee26-4464-b5b5-1046264b61d9;2025-01-11T13:09:00Z;39.08;39.08;39.08;39.08;2;
7132b1c9-ee26-4464-b5b5-1046264b61d9;2025-01-11T13:10:00Z;39.08;39.005;39.08;39.005;72;
7132b1c9-ee26-4464-b5b5-1046264b61d9;2025-01-11T13:12:00Z;39.075;39.01;39.075;39.01;7;
7132b1c9-ee26-4464-b5b5-1046264b61d9;2025-01-11T13:13:00Z;39.07;39.075;39.075;39.07;6;
7132b1c9-ee26-4464-b5b5-1046264b61d9;2025-01-11T13:15:00Z;39.075;39.075;39.075;39.075;1;
7132b1c9-ee26-4464-b5b5-1046264b61d9;2025-01-11T13:17:00Z;39.015;39.01;39.015;39.01;3;
7132b1c9-ee26-4464-b5b5-1046264b61d9;2025-01-11T13:18:00Z;39.07;39.07;39.07;39.07;1;
7132b1c9-ee26-4464-b5b5-1046264b61d9;2025-01-11T13:20:00Z;39.07;39.085;39.085;39.07;303;
7132b1c9-ee26-4464-b5b5-1046264b61d9;2025-01-11T13:23:00Z;39.085;39.085;39.085;39.085;13;
7132b1c9-ee26-4464-b5b5-1046264b61d9;2025-01-11T13:24:00Z;39.03;39.03;39.03;39.03;1;
7132b1c9-ee26-4464-b5b5-1046264b61d9;2025-01-11T13:25:00Z;39.03;39.03;39.03;39.03;9;
7132b1c9-ee26-4464-b5b5-1046264b61d9;2025-01-11T13:26:00Z;39.08;39.08;39.08;39.08;1;
7132b1c9-ee26-4464-b5b5-1046264b61d9;2025-01-11T13:27:00Z;39.08;39.08;39.08;39.08;2;
7132b1c9-ee26-4464-b5b5-1046264b61d9;2025-01-11T13:30:00Z;39.035;39.08;39.08;39.035;53;
7132b1c9-ee26-4464-b5b5-1046264b61d9;2025-01-11T13:31:00Z;39.08;39.08;39.08;39.08;5;
7132b1c9-ee26-4464-b5b5-1046264b61d9;2025-01-11T13:33:00Z;39.035;39.035;39.035;39.035;8;
7132b1c9-ee26-4464-b5b5-1046264b61d9;2025-01-11T13:34:00Z;39.08;39.08;39.08;39.08;3;
7132b1c9-ee26-4464-b5b5-1046264b61d9;2025-01-11T13:38:00Z;39.08;39.08;39.08;39.08;4;
7132b1c9-ee26-4464-b5b5-1046264b61d9;2025-01-11T13:40:00Z;39.035;39.035;39.035;39.035;2;
7132b1c9-ee26-4464-b5b5-1046264b61d9;2025-01-11T13:41:00Z;39.035;39.08;39.08;39.035;6;
7132b1c9-ee26-4464-b5b5-1046264b61d9;2025-01-11T13:43:00Z;39.08;39.08;39.08;39.08;1;
7132b1c9-ee26-4464-b5b5-1046264b61d9;2025-01-11T13:44:00Z;39.035;39.035;39.035;39.035;4;
7132b1c9-ee26-4464-b5b5-1046264b61d9;2025-01-11T13:45:00Z;39.035;39.035;39.035;39.035;1;
7132b1c9-ee26-4464-b5b5-1046264b61d9;2025-01-11T13:46:00Z;39.035;39.03;39.035;39.03;139;
7132b1c9-ee26-4464-b5b5-1046264b61d9;2025-01-11T13:47:00Z;39.08;39.08;39.08;39.08;3;
7132b1c9-ee26-4464-b5b5-1046264b61d9;2025-01-11T13:48:00Z;39.05;39.05;39.05;39.05;1;
7132b1c9-ee26-4464-b5b5-1046264b61d9;2025-01-11T13:49:00Z;39.03;39.08;39.08;39.02;81;
7132b1c9-ee26-4464-b5b5-1046264b61d9;2025-01-11T13:50:00Z;39.02;39.08;39.08;39.015;7;
7132b1c9-ee26-4464-b5b5-1046264b61d9;2025-01-11T13:53:00Z;39.015;39.015;39.015;39.015;1;
7132b1c9-ee26-4464-b5b5-1046264b61d9;2025-01-11T13:56:00Z;39.03;39.015;39.03;39.015;36;
7132b1c9-ee26-4464-b5b5-1046264b61d9;2025-01-11T13:57:00Z;39.07;39.07;39.07;39.07;2;
7132b1c9-ee26-4464-b5b5-1046264b61d9;2025-01-11T13:58:00Z;39.075;39.015;39.075;39.015;5;
7132b1c9-ee26-4464-b5b5-1046264b61d9;2025-01-11T13:59:00Z;39.02;39.02;39.02;39.02;2;
7132b1c9-ee26-4464-b5b5-1046264b61d9;2025-01-11T14:00:00Z;39.07;39.07;39.07;39.07;5;
7132b1c9-ee26-4464-b5b5-1046264b61d9;2025-01-11T14:01:00Z;39.07;39.07;39.07;39.07;1;
7132b1c9-ee26-4464-b5b5-1046264b61d9;2025-01-11T14:02:00Z;39.07;39.07;39.07;39.07;5;
7132b1c9-ee26-4464-b5b5-1046264b61d9;2025-01-11T14:03:00Z;39.02;39.02;39.02;39.02;7;
7132b1c9-ee26-4464-b5b5-1046264b61d9;2025-01-11T14:04:00Z;39.02;39.07;39.07;39.02;9;
7132b1c9-ee26-4464-b5b5-1046264b61d9;2025-01-11T14:05:00Z;39.02;39.07;39.07;39.015;31;
7132b1c9-ee26-4464-b5b5-1046264b61d9;2025-01-11T14:07:00Z;39.07;39.07;39.07;39.07;5;
7132b1c9-ee26-4464-b5b5-1046264b61d9;2025-01-11T14:08:00Z;39.02;39.02;39.02;39.02;6;
7132b1c9-ee26-4464-b5b5-1046264b61d9;2025-01-11T14:09:00Z;39.02;39.02;39.02;39.02;10;
7132b1c9-ee26-4464-b5b5-1046264b61d9;2025-01-11T14:10:00Z;39.02;39.01;39.07;39.01;36;
7132b1c9-ee26-4464-b5b5-1046264b61d9;2025-01-11T14:11:00Z;39.01;39.07;39.07;39.01;66;
7132b1c9-ee26-4464-b5b5-1046264b61d9;2025-01-11T14:12:00Z;39.01;39.01;39.065;39.01;7;
7132b1c9-ee26-4464-b5b5-1046264b61d9;2025-01-11T14:13:00Z;39.065;39.07;39.07;39.065;11;
7132b1c9-ee26-4464-b5b5-1046264b61d9;2025-01-11T14:14:00Z;39.015;39.005;39.015;39.005;129;
7132b1c9-ee26-4464-b5b5-1046264b61d9;2025-01-11T14:17:00Z;39.065;39.01;39.07;39.01;5;
7132b1c9-ee26-4464-b5b5-1046264b61d9;2025-01-11T14:18:00Z;39.065;39.065;39.065;39.065;1;
7132b1c9-ee26-4464-b5b5-1046264b61d9;2025-01-11T14:19:00Z;39.01;39.01;39.01;39.01;5;
7132b1c9-ee26-4464-b5b5-1046264b61d9;2025-01-11T14:20:00Z;39.065;39.07;39.07;39.065;4;
7132b1c9-ee26-4464-b5b5-1046264b61d9;2025-01-11T14:21:00Z;39.01;39.01;39.01;39.01;7;
7132b1c9-ee26-4464-b5b5-1046264b61d9;2025-01-11T14:22:00Z;39.01;39.07;39.07;39.01;6;
7132b1c9-ee26-4464-b5b5-1046264b61d9;2025-01-11T14:23:00Z;39.07;39.07;39.07;39.07;1;
7132b1c9-ee26-4464-b5b5-1046264b61d9;2025-01-11T14:24:00Z;39.01;39.01;39.01;39.01;2;
7132b1c9-ee26-4464-b5b5-1046264b61d9;2025-01-11T14:25:00Z;39.01;39.01;39.01;39.01;1;
7132b1c9-ee26-4464-b5b5-1046264b61d9;2025-01-11T14:27:00Z;39.07;39.07;39.07;39.07;4;
7132b1c9-ee26-4464-b5b5-1046264b61d9;2025-01-11T14:29:00Z;39.07;39.07;39.07;39.07;2;
7132b1c9-ee26-4464-b5b5-1046264b61d9;2025-01-11T14:31:00Z;39.015;39.015;39.015;39.015;1;
7132b1c9-ee26-4464-b5b5-1046264b61d9;2025-01-11T14:33:00Z;39.015;39.015;39.015;39.015;2;
7132b1c9-ee26-4464-b5b5-1046264b61d9;2025-01-11T14:34:00Z;39.07;39.07;39.07;39.07;1;
7132b1c9-ee26-4464-b5b5-1046264b61d9;2025-01-11T14:35:00Z;39.065;39.065;39.065;39.065;4;
7132b1c9-ee26-4464-b5b5-1046264b61d9;2025-01-11T14:38:00Z;39.06;39.06;39.06;39.06;1;
7132b1c9-ee26-4464-b5b5-1046264b61d9;2025-01-11T14:39:00Z;39.015;39.06;39.06;39.015;168;
7132b1c9-ee26-4464-b5b5-1046264b61d9;2025-01-11T14:40:00Z;39.065;39.065;39.065;39.065;13;
7132b1c9-ee26-4464-b5b5-1046264b61d9;2025-01-11T14:41:00Z;39.06;39.065;39.065;39.02;20;
7132b1c9-ee26-4464-b5b5-1046264b61d9;2025-01-11T14:42:00Z;39.065;39.065;39.065;39.065;1;
7132b1c9-ee26-4464-b5b5-1046264b61d9;2025-01-11T14:43:00Z;39.065;39.065;39.065;39.065;22;
7132b1c9-ee26-4464-b5b5-1046264b61d9;2025-01-11T14:45:00Z;39.065;39.065;39.065;39.065;1;
7132b1c9-ee26-4464-b5b5-1046264b61d9;2025-01-11T14:46:00Z;39.065;39.065;39.065;39.065;1;
7132b1c9-ee26-4464-b5b5-1046264b61d9;2025-01-11T14:47:00Z;39.06;39.065;39.065;39.06;5;
7132b1c9-ee26-4464-b5b5-1046264b61d9;2025-01-11T14:48:00Z;39.02;39.02;39.02;39.02;2;
7132b1c9-ee26-4464-b5b5-1046264b61d9;2025-01-11T14:50:00Z;39.02;39.02;39.02;39.02;2;
7132b1c9-ee26-4464-b5b5-1046264b61d9;2025-01-11T14:51:00Z;39.02;39.02;39.02;39.02;3;
7132b1c9-ee26-4464-b5b5-1046264b61d9;2025-01-11T14:52:00Z;39.02;39.015;39.02;39.015;5;
7132b1c9-ee26-4464-b5b5-1046264b61d9;2025-01-11T14:54:00Z;39.015;39.055;39.055;39.015;134;
7132b1c9-ee26-4464-b5b5-1046264b61d9;2025-01-11T14:55:00Z;39.055;39.055;39.055;39.055;1;
7132b1c9-ee26-4464-b5b5-1046264b61d9;2025-01-11T14:58:00Z;39.045;39.045;39.045;39.045;1;
7132b1c9-ee26-4464-b5b5-1046264b61d9;2025-01-11T14:59:00Z;39.04;39.01;39.04;39.01;2;
7132b1c9-ee26-4464-b5b5-1046264b61d9;2025-01-11T15:00:00Z;39.01;39.01;39.01;39.01;3;
7132b1c9-ee26-4464-b5b5-1046264b61d9;2025-01-11T15:02:00Z;39.01;39.03;39.03;39.01;9;
7132b1c9-ee26-4464-b5b5-1046264b61d9;2025-01-11T15:03:00Z;39.03;39.03;39.03;39.03;2;
7132b1c9-ee26-4464-b5b5-1046264b61d9;2025-01-11T15:06:00Z;39.01;39.01;39.01;39.01;4;
7132b1c9-ee26-4464-b5b5-1046264b61d9;2025-01-11T15:07:00Z;39.03;39.06;39.06;39.03;4;
7132b1c9-ee26-4464-b5b5-1046264b61d9;2025-01-11T15:08:00Z;39.01;39.01;39.01;39.01;14;
7132b1c9-ee26-4464-b5b5-1046264b61d9;2025-01-11T15:11:00Z;39.01;39.01;39.01;39.01;14;
7132b1c9-ee26-4464-b5b5-1046264b61d9;2025-01-11T15:12:00Z;39.06;39.06;39.06;39.06;3;
7132b1c9-ee26-4464-b5b5-1046264b61d9;2025-01-11T15:14:00Z;39.03;39.03;39.03;39.03;2;
7132b1c9-ee26-4464-b5b5-1046264b61d9;2025-01-11T15:15:00Z;39.06;39.01;39.06;39.01;3;
7132b1c9-ee26-4464-b5b5-1046264b61d9;2025-01-11T15:16:00Z;39.06;39.06;39.06;39.06;1;
7132b1c9-ee26-4464-b5b5-1046264b61d9;2025-01-11T15:17:00Z;39.01;39.01;39.01;39.01;3;
7132b1c9-ee26-4464-b5b5-1046264b61d9;2025-01-11T15:18:00Z;39.05;39.05;39.05;39.05;2;
7132b1c9-ee26-4464-b5b5-1046264b61d9;2025-01-11T15:19:00Z;39.01;39.01;39.01;39.01;1;
7132b1c9-ee26-4464-b5b5-1046264b61d9;2025-01-11T15:20:00Z;39.01;39.01;39.01;39.01;3;
7132b1c9-ee26-4464-b5b5-1046264b61d9;2025-01-11T15:21:00Z;39.05;39.01;39.05;39.01;2;
7132b1c9-ee26-4464-b5b5-1046264b61d9;2025-01-11T15:22:00Z;39.05;39.06;39.06;39.05;8;
7132b1c9-ee26-4464-b5b5-1046264b61d9;2025-01-11T15:23:00Z;39.01;39.01;39.01;39.01;1;
7132b1c9-ee26-4464-b5b5-1046264b61d9;2025-01-11T15:24:00Z;39.01;39.05;39.05;39.01;2;
7132b1c9-ee26-4464-b5b5-1046264b61d9;2025-01-11T15:25:00Z;39.01;39.01;39.06;39.01;12;
7132b1c9-ee26-4464-b5b5-1046264b61d9;2025-01-11T15:26:00Z;39.04;39.04;39.04;39.04;5;
7132b1c9-ee26-4464-b5b5-1046264b61d9;2025-01-11T15:27:00Z;39.04;39.04;39.04;39.04;14;
7132b1c9-ee26-4464-b5b5-1046264b61d9;2025-01-11T15:28:00Z;39.04;39.04;39.04;39.04;3;
7132b1c9-ee26-4464-b5b5-1046264b61d9;2025-01-11T15:29:00Z;39.01;39.01;39.01;39.01;3;
7132b1c9-ee26-4464-b5b5-1046264b61d9;2025-01-11T15:30:00Z;39.01;39.03;39.03;39.01;5;
7132b1c9-ee26-4464-b5b5-1046264b61d9;2025-01-11T15:31:00Z;39.04;39.01;39.04;39.01;3;
7132b1c9-ee26-4464-b5b5-1046264b61d9;2025-01-11T15:32:00Z;39.04;39.04;39.04;39.04;5;
7132b1c9-ee26-4464-b5b5-1046264b61d9;2025-01-11T15:33:00Z;39.01;39.01;39.01;39.01;8;
7132b1c9-ee26-4464-b5b5-1046264b61d9;2025-01-11T15:35:00Z;39.01;39.01;39.01;39.01;27;
7132b1c9-ee26-4464-b5b5-1046264b61d9;2025-01-11T15:36:00Z;39.01;39.01;39.01;39.01;3;
7132b1c9-ee26-4464-b5b5-1046264b61d9;2025-01-11T15:37:00Z;39.01;39.01;39.01;39.01;1;
7132b1c9-ee26-4464-b5b5-1046264b61d9;2025-01-11T15:39:00Z;39.03;39.04;39.04;39.03;5;
7132b1c9-ee26-4464-b5b5-1046264b61d9;2025-01-11T15:40:00Z;39.04;39.04;39.04;39.04;1;
7132b1c9-ee26-4464-b5b5-1046264b61d9;2025-01-11T15:41:00Z;39.04;39.04;39.04;39.04;2;
7132b1c9-ee26-4464-b5b5-1046264b61d9;2025-01-11T15:42:00Z;39.04;39.01;39.04;39.01;9;
7132b1c9-ee26-4464-b5b5-1046264b61d9;2025-01-11T15:44:00Z;39.04;39.04;39.04;39.04;2;
7132b1c9-ee26-4464-b5b5-1046264b61d9;2025-01-11T15:47:00Z;39.04;39.04;39.04;39.04;1;
7132b1c9-ee26-4464-b5b5-1046264b61d9;2025-01-11T15:48:00Z;39.04;39.05;39.05;39.04;4;
7132b1c9-ee26-4464-b5b5-1046264b61d9;2025-01-11T15:51:00Z;39.05;39.06;39.06;39.05;2;
7132b1c9-ee26-4464-b5b5-1046264b61d9;2025-01-11T15:52:00Z;39.06;39.06;39.06;39.06;20;
7132b1c9-ee26-4464-b5b5-1046264b61d9;2025-01-11T15:53:00Z;39.015;39.015;39.015;39.015;5;
7132b1c9-ee26-4464-b5b5-1046264b61d9;2025-01-11T15:54:00Z;39.06;39.06;39.06;39.06;3;
7132b1c9-ee26-4464-b5b5-1046264b61d9;2025-01-11T15:55:00Z;39.06;39.015;39.06;39.015;8;
7132b1c9-ee26-4464-b5b5-1046264b61d9;2025-01-11T15:56:00Z;39.06;39.06;39.06;39.06;3;
7132b1c9-ee26-4464-b5b5-1046264b61d9;2025-01-11T15:57:00Z;39.05;39.05;39.05;39.05;1;
7132b1c9-ee26-4464-b5b5-1046264b61d9;2025-01-11T15:59:00Z;39.05;39.05;39.05;39.05;2;
7132b1c9-ee26-4464-b5b5-1046264b61d9;2025-01-11T16:01:00Z;39.015;39.015;39.015;39.015;1;
7132b1c9-ee26-4464-b5b5-1046264b61d9;2025-01-11T16:04:00Z;39.05;39.05;39.05;39.05;10;
7132b1c9-ee26-4464-b5b5-1046264b61d9;2025-01-11T16:05:00Z;39.015;39.015;39.015;39.015;41;
7132b1c9-ee26-4464-b5b5-1046264b61d9;2025-01-11T16:06:00Z;39.015;39.015;39.015;39.015;3;
7132b1c9-ee26-4464-b5b5-1046264b61d9;2025-01-11T16:07:00Z;39.05;39.05;39.05;39.05;1;
7132b1c9-ee26-4464-b5b5-1046264b61d9;2025-01-11T16:10:00Z;39.06;39.015;39.06;39.015;3;
7132b1c9-ee26-4464-b5b5-1046264b61d9;2025-01-11T16:11:00Z;39.06;39.015;39.06;39.015;8;
7132b1c9-ee26-4464-b5b5-1046264b61d9;2025-01-11T16:12:00Z;39.06;39.06;39.06;39.06;1;
7132b1c9-ee26-4464-b5b5-1046264b61d9;2025-01-11T16:15:00Z;39.06;39.06;39.06;39.06;3;
7132b1c9-ee26-4464-b5b5-1046264b61d9;2025-01-11T16:17:00Z;39.06;39.06;39.06;39.06;1;
7132b1c9-ee26-4464-b5b5-1046264b61d9;2025-01-11T16:19:00Z;39.02;39.06;39.06;39.02;182;
7132b1c9-ee26-4464-b5b5-1046264b61d9;2025-01-11T16:20:00Z;39.06;39.025;39.06;39.025;22;
7132b1c9-ee26-4464-b5b5-1046264b61d9;2025-01-11T16:21:00Z;39.025;39.025;39.025;39.025;1;
7132b1c9-ee26-4464-b5b5-1046264b61d9;2025-01-11T16:24:00Z;39.06;39.06;39.06;39.06;14;
7132b1c9-ee26-4464-b5b5-1046264b61d9;2025-01-11T16:26:00Z;39.06;39.06;39.06;39.06;1;
7132b1c9-ee26-4464-b5b5-1046264b61d9;2025-01-11T16:32:00Z;39.025;39.025;39.025;39.025;1;
7132b1c9-ee26-4464-b5b5-1046264b61d9;2025-01-11T16:33:00Z;39.025;39.025;39.025;39.025;1;
7132b1c9-ee26-4464-b5b5-1046264b61d9;2025-01-11T16:34:00Z;39.06;39.06;39.06;39.06;26;
7132b1c9-ee26-4464-b5b5-1046264b61d9;2025-01-11T16:35:00Z;39.06;39.06;39.06;39.06;4;
7132b1c9-ee26-4464-b5b5-1046264b61d9;2025-01-11T16:36:00Z;39.06;39.06;39.06;39.06;12;
7132b1c9-ee26-4464-b5b5-1046264b61d9;2025-01-11T16:37:00Z;39.06;39.06;39.06;39.06;3;
7132b1c9-ee26-4464-b5b5-1046264b61d9;2025-01-11T16:39:00Z;39.06;39.06;39.06;39.06;1;
7132b1c9-ee26-4464-b5b5-1046264b61d9;2025-01-11T16:41:00Z;39.06;39.06;39.06;39.06;3;
7132b1c9-ee26-4464-b5b5-1046264b61d9;2025-01-11T16:42:00Z;39.06;39.065;39.065;39.06;22;
7132b1c9-ee26-4464-b5b5-1046264b61d9;2025-01-11T16:44:00Z;39.025;39.025;39.025;39.025;13;
7132b1c9-ee26-4464-b5b5-1046264b61d9;2025-01-11T16:45:00Z;39.025;39.025;39.025;39.025;10;
7132b1c9-ee26-4464-b5b5-1046264b61d9;2025-01-11T16:46:00Z;39.06;39.06;39.06;39.06;5;
7132b1c9-ee26-4464-b5b5-1046264b61d9;2025-01-11T16:48:00Z;39.025;39.025;39.025;39.025;1;
7132b1c9-ee26-4464-b5b5-1046264b61d9;2025-01-11T16:50:00Z;39.06;39.06;39.06;39.06;2;
7132b1c9-ee26-4464-b5b5-1046264b61d9;2025-01-11T16:53:00Z;39.06;39.06;39.06;39.06;2;
7132b1c9-ee26-4464-b5b5-1046264b61d9;2025-01-11T16:54:00Z;39.025;39.06;39.06;39.025;3;
7132b1c9-ee26-4464-b5b5-1046264b61d9;2025-01-11T16:55:00Z;39.025;39.025;39.025;39.025;3;
7132b1c9-ee26-4464-b5b5-1046264b61d9;2025-01-11T16:57:00Z;39.06;39.06;39.06;39.06;18;
7132b1c9-ee26-4464-b5b5-1046264b61d9;2025-01-11T16:58:00Z;39.06;39.06;39.06;39.06;1;
7132b1c9-ee26-4464-b5b5-1046264b61d9;2025-01-11T16:59:00Z;39.025;39.025;39.025;39.025;3;
7132b1c9-ee26-4464-b5b5-1046264b61d9;2025-01-11T17:04:00Z;39.06;39.06;39.06;39.06;1;
7132b1c9-ee26-4464-b5b5-1046264b61d9;2025-01-11T17:05:00Z;39.06;39.06;39.06;39.06;1;
7132b1c9-ee26-4464-b5b5-1046264b61d9;2025-01-11T17:06:00Z;39.025;39.025;39.025;39.025;9;
7132b1c9-ee26-4464-b5b5-1046264b61d9;2025-01-11T17:07:00Z;39.06;39.025;39.06;39.025;12;
7132b1c9-ee26-4464-b5b5-1046264b61d9;2025-01-11T17:09:00Z;39.025;39.025;39.025;39.025;35;
7132b1c9-ee26-4464-b5b5-1046264b61d9;2025-01-11T17:11:00Z;39.06;39.06;39.06;39.06;3;
7132b1c9-ee26-4464-b5b5-1046264b61d9;2025-01-11T17:13:00Z;39.025;39.025;39.025;39.025;1;
7132b1c9-ee26-4464-b5b5-1046264b61d9;2025-01-11T17:16:00Z;39.03;39.06;39.06;39.03;2;
7132b1c9-ee26-4464-b5b5-1046264b61d9;2025-01-11T17:18:00Z;39.025;39.025;39.025;39.025;3;
7132b1c9-ee26-4464-b5b5-1046264b61d9;2025-01-11T17:21:00Z;39.03;39.025;39.03;39.025;7;
7132b1c9-ee26-4464-b5b5-1046264b61d9;2025-01-11T17:23:00Z;39.06;39.06;39.06;39.06;10;
7132b1c9-ee26-4464-b5b5-1046264b61d9;2025-01-11T17:24:00Z;39.06;39.06;39.06;39.06;1;
7132b1c9-ee26-4464-b5b5-1046264b61d9;2025-01-11T17:25:00Z;39.06;39.06;39.06;39.06;60;
7132b1c9-ee26-4464-b5b5-1046264b61d9;2025-01-11T17:26:00Z;39.065;39.065;39.065;39.065;67;
7132b1c9-ee26-4464-b5b5-1046264b61d9;2025-01-11T17:27:00Z;39.065;39.065;39.065;39.06;63;
7132b1c9-ee26-4464-b5b5-1046264b61d9;2025-01-11T17:29:00Z;39.06;39.06;39.06;39.06;3;
7132b1c9-ee26-4464-b5b5-1046264b61d9;2025-01-11T17:30:00Z;39.06;39.06;39.06;39.06;1;
7132b1c9-ee26-4464-b5b5-1046264b61d9;2025-01-11T17:33:00Z;39.065;39.065;39.065;39.065;8;
7132b1c9-ee26-4464-b5b5-1046264b61d9;2025-01-11T17:34:00Z;39.065;39.065;39.065;39.065;38;
7132b1c9-ee26-4464-b5b5-1046264b61d9;2025-01-11T17:35:00Z;39.065;39.065;39.065;39.065;1;
7132b1c9-ee26-4464-b5b5-1046264b61d9;2025-01-11T17:36:00Z;39.065;39.065;39.065;39.06;24;
7132b1c9-ee26-4464-b5b5-1046264b61d9;2025-01-11T17:38:00Z;39.06;39.06;39.06;39.06;5;
7132b1c9-ee26-4464-b5b5-1046264b61d9;2025-01-11T17:39:00Z;39.065;39.065;39.065;39.065;3;
7132b1c9-ee26-4464-b5b5-1046264b61d9;2025-01-11T17:40:00Z;39.065;39.06;39.065;39.06;6;
7132b1c9-ee26-4464-b5b5-1046264b61d9;2025-01-11T17:41:00Z;39.065;39.065;39.065;39.065;3;
7132b1c9-ee26-4464-b5b5-1046264b61d9;2025-01-11T17:42:00Z;39.065;39.065;39.065;39.06;7;
7132b1c9-ee26-4464-b5b5-1046264b61d9;2025-01-11T17:43:00Z;39.065;39.065;39.065;39.065;3;
7132b1c9-ee26-4464-b5b5-1046264b61d9;2025-01-11T17:46:00Z;39.065;39.065;39.065;39.065;71;
7132b1c9-ee26-4464-b5b5-1046264b61d9;2025-01-11T17:47:00Z;39.06;39.06;39.06;39.06;2;
7132b1c9-ee26-4464-b5b5-1046264b61d9;2025-01-11T17:48:00Z;39.06;39.065;39.065;39.06;2;
7132b1c9-ee26-4464-b5b5-1046264b61d9;2025-01-11T17:50:00Z;39.065;39.065;39.065;39.065;2;
7132b1c9-ee26-4464-b5b5-1046264b61d9;2025-01-11T17:51:00Z;39.065;39.065;39.065;39.065;1;
7132b1c9-ee26-4464-b5b5-1046264b61d9;2025-01-11T17:54:00Z;39.065;39.065;39.065;39.065;1;
7132b1c9-ee26-4464-b5b5-1046264b61d9;2025-01-11T17:55:00Z;39.065;39.065;39.065;39.065;1;
7132b1c9-ee26-4464-b5b5-1046264b61d9;2025-01-11T17:56:00Z;39.06;39.06;39.06;39.06;3;
7132b1c9-ee26-4464-b5b5-1046264b61d9;2025-01-11T17:57:00Z;39.06;39.06;39.06;39.06;6;
7132b1c9-ee26-4464-b5b5-1046264b61d9;2025-01-11T17:59:00Z;39.06;39.065;39.065;39.06;24;
7132b1c9-ee26-4464-b5b5-1046264b61d9;2025-01-11T18:00:00Z;39.06;39.06;39.06;39.06;24;
7132b1c9-ee26-4464-b5b5-1046264b61d9;2025-01-11T18:01:00Z;39.065;39.065;39.065;39.065;40;
7132b1c9-ee26-4464-b5b5-1046264b61d9;2025-01-11T18:04:00Z;39.065;39.065;39.065;39.065;1;
7132b1c9-ee26-4464-b5b5-1046264b61d9;2025-01-11T18:07:00Z;39.065;39.065;39.065;39.065;20;
7132b1c9-ee26-4464-b5b5-1046264b61d9;2025-01-11T18:08:00Z;39.06;39.06;39.06;39.06;5;
7132b1c9-ee26-4464-b5b5-1046264b61d9;2025-01-11T18:09:00Z;39.06;39.065;39.065;39.06;48;
7132b1c9-ee26-4464-b5b5-1046264b61d9;2025-01-11T18:15:00Z;39.06;39.06;39.06;39.06;1;
7132b1c9-ee26-4464-b5b5-1046264b61d9;2025-01-11T18:16:00Z;39.06;39.06;39.06;39.06;3;
7132b1c9-ee26-4464-b5b5-1046264b61d9;2025-01-11T18:17:00Z;39.065;39.065;39.065;39.065;3;
7132b1c9-ee26-4464-b5b5-1046264b61d9;2025-01-11T18:20:00Z;39.06;39.065;39.065;39.06;4;
7132b1c9-ee26-4464-b5b5-1046264b61d9;2025-01-11T18:21:00Z;39.065;39.065;39.065;39.06;8;
7132b1c9-ee26-4464-b5b5-1046264b61d9;2025-01-11T18:23:00Z;39.065;39.025;39.065;39.025;63;
7132b1c9-ee26-4464-b5b5-1046264b61d9;2025-01-11T18:25:00Z;39.065;39.065;39.065;39.065;2;
7132b1c9-ee26-4464-b5b5-1046264b61d9;2025-01-11T18:27:00Z;39.065;39.03;39.065;39.03;40;
7132b1c9-ee26-4464-b5b5-1046264b61d9;2025-01-11T18:30:00Z;39.065;39.065;39.065;39.065;3;
7132b1c9-ee26-4464-b5b5-1046264b61d9;2025-01-11T18:32:00Z;39.03;39.025;39.03;39.025;50;
7132b1c9-ee26-4464-b5b5-1046264b61d9;2025-01-11T18:33:00Z;39.065;39.065;39.065;39.065;1;
7132b1c9-ee26-4464-b5b5-1046264b61d9;2025-01-11T18:34:00Z;39.065;39.065;39.065;39.065;25;
7132b1c9-ee26-4464-b5b5-1046264b61d9;2025-01-11T18:35:00Z;39.065;39.065;39.065;39.065;1;
7132b1c9-ee26-4464-b5b5-1046264b61d9;2025-01-11T18:36:00Z;39.025;39.025;39.025;39.025;1;
7132b1c9-ee26-4464-b5b5-1046264b61d9;2025-01-11T18:38:00Z;39.065;39.065;39.065;39.065;1;
7132b1c9-ee26-4464-b5b5-1046264b61d9;2025-01-11T18:39:00Z;39.065;39.065;39.065;39.025;23;
7132b1c9-ee26-4464-b5b5-1046264b61d9;2025-01-11T18:40:00Z;39.03;39.025;39.03;39.025;51;
7132b1c9-ee26-4464-b5b5-1046264b61d9;2025-01-11T18:41:00Z;39.025;39.025;39.025;39.025;2;
7132b1c9-ee26-4464-b5b5-1046264b61d9;2025-01-11T18:43:00Z;39.065;39.065;39.065;39.065;1;
7132b1c9-ee26-4464-b5b5-1046264b61d9;2025-01-11T18:47:00Z;39.065;39.065;39.065;39.065;1;
7132b1c9-ee26-4464-b5b5-1046264b61d9;2025-01-11T18:49:00Z;39.065;39.065;39.065;39.065;94;
7132b1c9-ee26-4464-b5b5-1046264b61d9;2025-01-11T18:59:00Z;39.07;39.07;39.07;39.07;1;
7132b1c9-ee26-4464-b5b5-1046264b61d9;2025-01-11T19:01:00Z;39.07;39.07;39.07;39.07;1;
7132b1c9-ee26-4464-b5b5-1046264b61d9;2025-01-11T19:03:00Z;39.07;39.07;39.07;39.07;3;
7132b1c9-ee26-4464-b5b5-1046264b61d9;2025-01-11T19:06:00Z;39.03;39.03;39.03;39.03;1;
7132b1c9-ee26-4464-b5b5-1046264b61d9;2025-01-11T19:07:00Z;39.03;39.065;39.065;39.03;21;
7132b1c9-ee26-4464-b5b5-1046264b61d9;2025-01-11T19:11:00Z;39.03;39.065;39.065;39.03;6;
7132b1c9-ee26-4464-b5b5-1046264b61d9;2025-01-11T19:13:00Z;39.03;39.065;39.065;39.03;9;
7132b1c9-ee26-4464-b5b5-1046264b61d9;2025-01-11T19:14:00Z;39.065;39.065;39.065;39.065;1;
7132b1c9-ee26-4464-b5b5-1046264b61d9;2025-01-11T19:16:00Z;39.065;39.065;39.065;39.065;2;
7132b1c9-ee26-4464-b5b5-1046264b61d9;2025-01-11T19:17:00Z;39.065;39.065;39.065;39.065;5;
7132b1c9-ee26-4464-b5b5-1046264b61d9;2025-01-11T19:19:00Z;39.065;39.03;39.065;39.03;41;
7132b1c9-ee26-4464-b5b5-1046264b61d9;2025-01-11T19:20:00Z;39.03;39.065;39.065;39.03;11;
7132b1c9-ee26-4464-b5b5-1046264b61d9;2025-01-11T19:21:00Z;39.065;39.015;39.065;39.015;403;
7132b1c9-ee26-4464-b5b5-1046264b61d9;2025-01-11T19:25:00Z;39.06;39.02;39.06;39.02;4;
7132b1c9-ee26-4464-b5b5-1046264b61d9;2025-01-11T19:26:00Z;39.02;39.01;39.02;39.01;101;
7132b1c9-ee26-4464-b5b5-1046264b61d9;2025-01-11T19:29:00Z;39.015;39.015;39.015;39.015;2;
7132b1c9-ee26-4464-b5b5-1046264b61d9;2025-01-11T19:31:00Z;39.05;39.02;39.06;39.02;7;
7132b1c9-ee26-4464-b5b5-1046264b61d9;2025-01-11T19:34:00Z;39.02;39.015;39.02;39.015;10;
7132b1c9-ee26-4464-b5b5-1046264b61d9;2025-01-11T19:36:00Z;39.015;39.01;39.015;39.01;115;
7132b1c9-ee26-4464-b5b5-1046264b61d9;2025-01-11T19:38:00Z;39.06;39.06;39.06;39.015;28;
7132b1c9-ee26-4464-b5b5-1046264b61d9;2025-01-11T19:40:00Z;39.06;39.06;39.06;39.06;3;
7132b1c9-ee26-4464-b5b5-1046264b61d9;2025-01-11T19:42:00Z;39.06;39.06;39.06;39.06;7;
7132b1c9-ee26-4464-b5b5-1046264b61d9;2025-01-11T19:46:00Z;39.015;39.015;39.015;39.015;2;
7132b1c9-ee26-4464-b5b5-1046264b61d9;2025-01-11T19:47:00Z;39.015;39.06;39.06;39.01;73;
7132b1c9-ee26-4464-b5b5-1046264b61d9;2025-01-11T19:48:00Z;39.015;39.015;39.015;39.015;3;
7132b1c9-ee26-4464-b5b5-1046264b61d9;2025-01-11T19:49:00Z;39.01;39.01;39.01;39.01;29;
7132b1c9-ee26-4464-b5b5-1046264b61d9;2025-01-11T19:53:00Z;39.01;39.01;39.01;39.01;36;
7132b1c9-ee26-4464-b5b5-1046264b61d9;2025-01-11T19:54:00Z;39.06;39.01;39.06;39.01;27;
7132b1c9-ee26-4464-b5b5-1046264b61d9;2025-01-11T19:55:00Z;39.015;39.015;39.015;39.015;2;
7132b1c9-ee26-4464-b5b5-1046264b61d9;2025-01-11T19:57:00Z;39.06;39.06;39.06;39.06;5;
7132b1c9-ee26-4464-b5b5-1046264b61d9;2025-01-11T19:59:00Z;39.015;39.015;39.015;39.015;6;
7132b1c9-ee26-4464-b5b5-1046264b61d9;2025-01-11T20:00:00Z;39.06;39.06;39.06;39.06;3;
7132b1c9-ee26-4464-b5b5-1046264b61d9;2025-01-11T20:03:00Z;39.015;39.01;39.015;39.01;18;
7132b1c9-ee26-4464-b5b5-1046264b61d9;2025-01-11T20:05:00Z;39.02;39.01;39.02;39.01;2;
7132b1c9-ee26-4464-b5b5-1046264b61d9;2025-01-11T20:09:00Z;39.01;39.01;39.06;39.01;18;
7132b1c9-ee26-4464-b5b5-1046264b61d9;2025-01-11T20:10:00Z;39.06;39.06;39.06;39.06;2;
7132b1c9-ee26-4464-b5b5-1046264b61d9;2025-01-11T20:12:00Z;39.015;39.015;39.015;39.015;2;
7132b1c9-ee26-4464-b5b5-1046264b61d9;2025-01-11T20:14:00Z;39.06;39.06;39.06;39.06;1;
7132b1c9-ee26-4464-b5b5-1046264b61d9;2025-01-11T20:16:00Z;39.06;39.06;39.06;39.06;1;
7132b1c9-ee26-4464-b5b5-1046264b61d9;2025-01-11T20:18:00Z;39.06;39.06;39.06;39.06;15;
7132b1c9-ee26-4464-b5b5-1046264b61d9;2025-01-11T20:24:00Z;39.05;39.015;39.05;39.015;3;
7132b1c9-ee26-4464-b5b5-1046264b61d9;2025-01-11T20:25:00Z;39.05;39.015;39.05;39.015;4;
7132b1c9-ee26-4464-b5b5-1046264b61d9;2025-01-11T20:26:00Z;39.05;39.05;39.05;39.05;1;
7132b1c9-ee26-4464-b5b5-1046264b61d9;2025-01-11T20:33:00Z;39.02;39.06;39.06;39.01;80;
7132b1c9-ee26-4464-b5b5-1046264b61d9;2025-01-11T20:36:00Z;39.06;39.02;39.06;39.02;213;
7132b1c9-ee26-4464-b5b5-1046264b61d9;2025-01-11T20:44:00Z;39.04;39.04;39.04;39.04;39;
7132b1c9-ee26-4464-b5b5-1046264b61d9;2025-01-11T20:45:00Z;39.04;39.05;39.05;39.04;700;
7132b1c9-ee26-4464-b5b5-1046264b61d9;2025-01-11T20:46:00Z;39.05;39.05;39.05;39.05;1;
7132b1c9-ee26-4464-b5b5-1046264b61d9;2025-01-11T20:48:00Z;39.05;39.05;39.05;39.05;4;
7132b1c9-ee26-4464-b5b5-1046264b61d9;2025-01-11T20:49:00Z;39.05;39.05;39.05;39.05;5;
