id,date,text,tickers,tickers_from_tags,tickers_from_keywords,has_media,ticker,company_name,industry,news_type,clean_text,sentiment_compound,sentiment_negative,sentiment_neutral,sentiment_positive,stock_impact,sentiment_category,sentiment_simple
60262,2024-04-26 12:30:50+00:00,"#POSI 
**Объем продаж ГК Позитив в 1кв2024 вырос на 49%, до 1.83 млрд руб**",['POSI'],['POSI'],[],False,POSI,Positive Technologies,информационные технологии,company_specific,"POSI Объем продаж ГК Позитив в 1кв2024 вырос на 49, до 1.83 млрд руб",0.42857142857142855,0.0,0.7142857142857143,0.2857142857142857,0.41428571428571426,positive,positive
60489,2024-05-08 06:50:03+00:00,"#SOFL #POSI #ASTR #DIAS
**Инвестиции в российские ИТ-разработки в 2025-30 гг должны расти вдвое выше ВВП - указ Путина** — Интерфакс

Предусмотрен переход к 2030 году не менее 80% российских организаций ключевых отраслей экономики на использование базового и прикладного российского ПО в системах, обеспечивающих основные производственные и управленческие процессы.

К 2030 году доля использования российского ПО в госорганах, госкорпорациях, госкомпаниях, а также организациях, в которых государству принадлежит более 50%, должна составлять 95%.

Согласно указу, к 2030 году доля предоставления массовых социально значимых государственных и муниципальных услуг в электронной форме должна составлять 99%.","['AFKS', 'POSI']",['POSI'],['AFKS'],False,POSI,Positive Technologies,информационные технологии,company_specific,"SOFL POSI ASTR DIAS Инвестиции в российские ИТ-разработки в 2025-30 гг должны расти вдвое выше ВВП - указ Путина Интерфакс Предусмотрен переход к 2030 году не менее 80 российских организаций ключевых отраслей экономики на использование базового и прикладного российского ПО в системах, обеспечивающих основные производственные и управленческие процессы. К 2030 году доля использования российского ПО в госорганах, госкорпорациях, госкомпаниях, а также организациях, в которых государству принадлежит более 50, должна составлять 95. Согласно указу, к 2030 году доля предоставления массовых социально значимых государственных и муниципальных услуг в электронной форме должна составлять 99.",0.0,0.0,1.0,0.0,0.0,neutral,neutral
60498,2024-05-08 10:17:57+00:00,"#POSI
**День инвестора Positive Technologies пройдет 24 мая в «Лужниках»**

С 23 по 26 мая в спорткомплексе «Лужники» компания проведет киберфестиваль Positive Hack Days 2, который станет крупнейшим мероприятием в стране, посвященным кибербезопасности, новым информационным технологиям, инновациям и цифровизации.

24 мая Позитив поделится стратегией развития бизнеса и планами на 2024 год.",['POSI'],['POSI'],['POSI'],False,POSI,Positive Technologies,информационные технологии,company_specific,"POSI День инвестора Positive Technologies пройдет 24 мая в Лужниках С 23 по 26 мая в спорткомплексе Лужники компания проведет киберфестиваль Positive Hack Days 2, который станет крупнейшим мероприятием в стране, посвященным кибербезопасности, новым информационным технологиям, инновациям и цифровизации. 24 мая Позитив поделится стратегией развития бизнеса и планами на 2024 год.",0.4117647058823529,0.0,0.7254901960784315,0.2745098039215686,0.6058823529411765,positive,positive
60695,2024-05-15 15:01:01+00:00,"#POSI [Группа Позитив](https://www.tinkoff.ru/invest/stocks/POSI?utm_source=security_share)
💰 **Решения акционеров**

Текущая цена: 3063.0 ₽

– 3 123 780 000 рублей направить на выплату **дивидендов** по размещенным обыкновенным акциям Общества в размере 47 рублей 33 копейки на одну акцию ** ;

1. В дополнение к объявленному внеочередным Общим собранием акционеров Общества 9 апреля 2024 года **дивиденду,** объявить **дивиденд** по результатам первого квартала 2024 года по размещенным обыкновенным акциям Общества в размере 4 рубля 56 копеек на одну акцию **.

👉 [Полный текст сообщения](https://www.e-disclosure.ru/portal/event.aspx?EventId=VkwZb-AtQbEuReh5ZiDHpzg-B-B)

**Замечено  Шпионом РЦБ.**
**Подключить:** @StockSpy_bot",['POSI'],['POSI'],[],False,POSI,Positive Technologies,информационные технологии,company_specific,"POSI Группа Позитив( Решения акционеров Текущая цена: 3063.0 3 123 780 000 рублей направить на выплату дивидендов по размещенным обыкновенным акциям Общества в размере 47 рублей 33 копейки на одну акцию ; 1. В дополнение к объявленному внеочередным Общим собранием акционеров Общества 9 апреля 2024 года дивиденду, объявить дивиденд по результатам первого квартала 2024 года по размещенным обыкновенным акциям Общества в размере 4 рубля 56 копеек на одну акцию . Полный текст сообщения( Замечено Шпионом РЦБ. Подключить: StockSpy_bot",0.11842105263157895,0.0,0.9210526315789473,0.07894736842105264,0.2592105263157895,neutral,positive
60767,2024-05-17 08:32:29+00:00,"#POSI
❗️**24 мая в Лужниках - день инвестора Positive Technologies в рамках киберфестиваля Positive Hack Days**

Мозговой центр Сигналов РЦБ ожидает:

• Подтверждение прогноза: на 2024 год - отгрузки 40-50 млрд руб., +60-100% г/г; на 2025 год - 70-100 млрд руб., +75-150% г/г.

• Новые точки роста POSI через призму продуктов. В том числе подробности по NGFW - нового импортозамещающего продукта POSI, который может приносить 60 млрд руб. отгрузок к 2026 году (> половины всех продаж). 

• Подробности по международной экспансии. Впервые за долгое время перед инвесторами выступит Максим Филиппов - ответственный за международное направление в POSI.",['POSI'],['POSI'],['POSI'],False,POSI,Positive Technologies,информационные технологии,company_specific,"POSI 24 мая в Лужниках - день инвестора Positive Technologies в рамках киберфестиваля Positive Hack Days Мозговой центр Сигналов РЦБ ожидает: Подтверждение прогноза: на 2024 год - отгрузки 40-50 млрд руб., 60-100 гг; на 2025 год - 70-100 млрд руб., 75-150 гг. Новые точки роста POSI через призму продуктов. В том числе подробности по NGFW - нового импортозамещающего продукта POSI, который может приносить 60 млрд руб. отгрузок к 2026 году ( половины всех продаж). Подробности по международной экспансии. Впервые за долгое время перед инвесторами выступит Максим Филиппов - ответственный за международное направление в POSI.",0.12784090909090912,0.0,0.9147727272727273,0.08522727272727273,0.26392045454545454,neutral,positive
60768,2024-05-17 08:35:55+00:00,"#POSI #Идея **
****🧠**** Мозговой центр Сигналов РЦБ подтверждает актуальность **[**идеи**](https://t.me/cbrstocks/59584)** по Positive Technologies**

Цель: 3280 руб./акцию, +6%

В ожидании:
• Дня инвестора 24 мая ([подробнее](https://t.me/cbrstocks/60767))
• Выплаты второй части дивидендов. 23 мая последний день с дивидендом 51.89 руб./акцию, 2% дд. Традиционно дивиденд может ""достаться бесплатно"" - дивгэп закрыт за 1-2 дня.",['POSI'],['POSI'],['POSI'],False,POSI,Positive Technologies,информационные технологии,company_specific,"POSI Идея Мозговой центр Сигналов РЦБ подтверждает актуальность идеи( по Positive Technologies Цель: 3280 руб.акцию, 6 В ожидании: Дня инвестора 24 мая (подробнее( Выплаты второй части дивидендов. 23 мая последний день с дивидендом 51.89 руб.акцию, 2 дд. Традиционно дивиденд может ""достаться бесплатно"" - дивгэп закрыт за 1-2 дня.",0.12244897959183675,0.0,0.9183673469387755,0.0816326530612245,0.2612244897959184,neutral,positive
60809,2024-05-18 07:22:08+00:00,"**👍**** Главное за неделю**

**⭐️ Открыта идея на **[**покупку акций Роснефти**](https://t.me/cbrstocks/60670) #ROSN
Цель: 620 руб #ROSN

**📱**** **[**Детали **](https://t.me/cbrstocks/60567)**обмена акций Яндекса ****#YDEX**** ****#YNDX**
Ориентировочные сроки перечисления акций МКПАО ЯНДЕКС и/или денежных средств – 12 июля 2024 г

⛽️** РФ и Китай подтвердили заинтересованность в реализации проекта строительства газопровода Сила Сибири 2** #GAZP

📱 **День инвестора Positive Technologies пройдет 24 мая,** ожидаем подтверждение прогноза отгрузок на 2024 год в 40-50 млрд руб. и подробности про новые точки роста через призму продуктов #POSI","['ROSN', 'NVTK', 'POSI', 'GAZP']","['ROSN', 'ROSN', 'GAZP', 'POSI']","['GAZP', 'NVTK', 'POSI']",False,POSI,Positive Technologies,информационные технологии,company_specific,"Главное за неделю Открыта идея на покупку акций Роснефти( ROSN Цель: 620 руб ROSN Детали ( акций Яндекса YDEX YNDX Ориентировочные сроки перечисления акций МКПАО ЯНДЕКС иили денежных средств 12 июля 2024 г РФ и Китай подтвердили заинтересованность в реализации проекта строительства газопровода Сила Сибири 2 GAZP День инвестора Positive Technologies пройдет 24 мая, ожидаем подтверждение прогноза отгрузок на 2024 год в 40-50 млрд руб. и подробности про новые точки роста через призму продуктов POSI",0.18243243243243246,0.0,0.8783783783783784,0.12162162162162163,0.29121621621621624,neutral,positive
60863,2024-05-21 09:42:51+00:00,"#SOFL #POSI #DIAS #ASTR**
Премьер-министр Мишустин говорит:**

🗣 За 4 года продажи российского ПО увеличились более чем вдвое, а готовых пакетных решений — в 5 раз.

🗣 Правительство запустит новый инструмент поддержки организаций, в рамках которого будет компенсироваться до половины затрат на внедрение отечественного инженерного и промышленного ПО.

🗣 Правительство рассматривает возможность предоставления компаниям льготных кредитов для перехода на отечественный софт.",['POSI'],['POSI'],[],False,POSI,Positive Technologies,информационные технологии,company_specific,"SOFL POSI DIAS ASTR Премьер-министр Мишустин говорит: За 4 года продажи российского ПО увеличились более чем вдвое, а готовых пакетных решений в 5 раз. Правительство запустит новый инструмент поддержки организаций, в рамках которого будет компенсироваться до половины затрат на внедрение отечественного инженерного и промышленного ПО. Правительство рассматривает возможность предоставления компаниям льготных кредитов для перехода на отечественный софт.",0.0,0.0,1.0,0.0,0.0,neutral,neutral
60967,2024-05-23 12:29:27+00:00,"#POSI
**Группа Позитив рассчитывает занять большую часть рынка автоматизации контроля киберустойчивости объемом 27 млрд руб** — Интерфакс",['POSI'],['POSI'],[],False,POSI,Positive Technologies,информационные технологии,company_specific,POSI Группа Позитив рассчитывает занять большую часть рынка автоматизации контроля киберустойчивости объемом 27 млрд руб Интерфакс,0.375,0.0,0.75,0.25,0.3875,positive,positive
61025,2024-05-24 17:58:18+00:00,"#POSI
Планы Positive по экспансии — Мозговой центр Сигналов на мероприятии компании",['POSI'],['POSI'],[],True,POSI,Positive Technologies,информационные технологии,company_specific,POSI Планы Positive по экспансии Мозговой центр Сигналов на мероприятии компании,0.5454545454545455,0.0,0.6363636363636362,0.3636363636363637,0.4727272727272728,positive,positive
61035,2024-05-27 07:32:26+00:00,"#SOFL #POSI #DIAS #ASTR
Сегмент инфраструктурного софта в России в 2023 году вырос почти на треть, до 101 млрд рублей (+31% г/г), но по-прежнему не достиг уровня 2021 года — тогда он составил 132 млрд рублей, следует из подготовленного консалтинговой компанией Strategy Partners отчета, с которым ознакомился Forbes.

Доля отечественных вендоров в сегменте превысила 50%",['POSI'],['POSI'],[],False,POSI,Positive Technologies,информационные технологии,company_specific,"SOFL POSI DIAS ASTR Сегмент инфраструктурного софта в России в 2023 году вырос почти на треть, до 101 млрд рублей (31 гг), но по-прежнему не достиг уровня 2021 года тогда он составил 132 млрд рублей, следует из подготовленного консалтинговой компанией Strategy Partners отчета, с которым ознакомился Forbes. Доля отечественных вендоров в сегменте превысила 50",0.0,0.0,1.0,0.0,0.0,neutral,neutral
61087,2024-05-28 07:22:11+00:00,"#SOFL #POSI #ASTR #DIAS
**Минцифры обсуждает введение сбора с российских компаний, продолжающих использовать зарубежное ПО

**Это должно ""уравнять"" иностранный софт с российским, заявил министр цифрового развития Максут Шадаев",['POSI'],['POSI'],[],False,POSI,Positive Technologies,информационные технологии,company_specific,"SOFL POSI ASTR DIAS Минцифры обсуждает введение сбора с российских компаний, продолжающих использовать зарубежное ПО Это должно ""уравнять"" иностранный софт с российским, заявил министр цифрового развития Максут Шадаев",0.0,0.0,1.0,0.0,0.0,neutral,neutral
61095,2024-05-28 08:46:27+00:00,"#POSI
**Группа Позитив может до конца текущего года произвести и поставить заказчикам порядка 180 тыс. программно-аппаратных межсетевых экранов **нового поколения (NGFW, комплексное решение для обеспечения сетевой безопасности), - это максимально возможный объем производства на текущих мощностях — Интерфакс",['POSI'],['POSI'],[],False,POSI,Positive Technologies,информационные технологии,company_specific,"POSI Группа Позитив может до конца текущего года произвести и поставить заказчикам порядка 180 тыс. программно-аппаратных межсетевых экранов нового поколения (NGFW, комплексное решение для обеспечения сетевой безопасности), - это максимально возможный объем производства на текущих мощностях Интерфакс",0.16666666666666669,0.0,0.8888888888888888,0.11111111111111113,0.2833333333333333,neutral,positive
61129,2024-05-29 05:59:01+00:00,"#SOFL #POSI #ASTR #DIAS
**IT-компаниям отменят обнуление налога на прибыль с 2025 года** — Ведомость

Но льгота для отрасли сохранится: ставка будет поднята лишь до 5%",['POSI'],['POSI'],[],False,POSI,Positive Technologies,информационные технологии,company_specific,SOFL POSI ASTR DIAS IT-компаниям отменят обнуление налога на прибыль с 2025 года Ведомость Но льгота для отрасли сохранится: ставка будет поднята лишь до 5,0.48,0.0,0.6799999999999999,0.32,0.44,positive,positive
61286,2024-06-03 14:21:00+00:00,"#POSI
Путин обсудил с Совбезом РФ вопросы информационной безопасности.",['POSI'],['POSI'],[],False,POSI,Positive Technologies,информационные технологии,company_specific,POSI Путин обсудил с Совбезом РФ вопросы информационной безопасности.,0.0,0.0,1.0,0.0,0.0,neutral,neutral
61482,2024-06-07 12:42:48+00:00,"#POSI #SOFL #DIAS #ASTR**
Пониженная ставка налога на прибыль (5%) для российских IT-компаний будет действовать до 2030 года** — Путин",['POSI'],['POSI'],[],False,POSI,Positive Technologies,информационные технологии,company_specific,POSI SOFL DIAS ASTR Пониженная ставка налога на прибыль (5) для российских IT-компаний будет действовать до 2030 года Путин,0.631578947368421,0.0,0.5789473684210527,0.42105263157894735,0.5157894736842106,very positive,positive
61796,2024-06-18 14:22:32+00:00,"#POSI
**Основные принципы работы с акционерным капиталом Positive Technologies** — релиз",['POSI'],['POSI'],['POSI'],True,POSI,Positive Technologies,информационные технологии,company_specific,POSI Основные принципы работы с акционерным капиталом Positive Technologies релиз,0.6000000000000001,0.0,0.6,0.4,0.5,very positive,positive
62149,2024-06-26 12:16:16+00:00,"#POSI #Идея
**🧠**** Мозговой центр Сигналов РЦБ закрывает **[**идею по акциям Positive Technologies**](https://t.me/cbrstocks/59584)** по истечении срока**

Цена закрытия 3024 руб
Доходность: +6.6%",['POSI'],['POSI'],['POSI'],False,POSI,Positive Technologies,информационные технологии,company_specific,POSI Идея Мозговой центр Сигналов РЦБ закрывает идею по акциям Positive Technologies( по истечении срока Цена закрытия 3024 руб Доходность: 6.6,0.07142857142857147,0.16666666666666666,0.6190476190476191,0.2142857142857143,0.23571428571428574,neutral,positive
62151,2024-06-26 12:31:43+00:00,"#Техи 
**Льготная ставка по налогу на прибыль для ИТ-компаний может быть повышена до 7% с 5%** — поправки Минфина — Интерфакс

Согласно проекту, эту льготу предлагается установить на период до 2030 года

Изначально законопроект предусматривал для ИТ-компаний установление ставки по налогу на прибыль в размере 5% на период 2025-2027 годов. В начале июня президент РФ Владимир Путин предложил установить срок действия этой льготы до 2030 года включительно

#DIAS #ASTR #SOFL #POSI",['POSI'],['POSI'],[],False,POSI,Positive Technologies,информационные технологии,company_specific,"Техи Льготная ставка по налогу на прибыль для ИТ-компаний может быть повышена до 7 с 5 поправки Минфина Интерфакс Согласно проекту, эту льготу предлагается установить на период до 2030 года Изначально законопроект предусматривал для ИТ-компаний установление ставки по налогу на прибыль в размере 5 на период 2025-2027 годов. В начале июня президент РФ Владимир Путин предложил установить срок действия этой льготы до 2030 года включительно DIAS ASTR SOFL POSI",0.1739130434782609,0.0,0.8840579710144927,0.11594202898550726,0.08695652173913045,neutral,positive
62271,2024-06-29 07:01:28+00:00,"👍** Главное за неделю: Мозговой центр Сигналов РЦБ**

**⭐️ Открыл** **идею: Лонг ММК**
Цель: 61 (+10%)
Срок: июль 2024

**🧠****  Закрыл**[** **](https://t.me/cbrstocks/58713)**идею по акциям ТЗА**
Цена закрытия 365 руб
Доходность +37%

🧠 **Закрыл**[** **](https://t.me/cbrstocks/54234)**идею по акциям Транснефти**
Цена закрытия 1561 руб
Доходность +10.5%

🧠 **Закрыл идею по акциям Positive Technologies **
Цена закрытия 3024 руб
Доходность: +6.6%

**🧠**** закрыл идею по акциям Софтлайн
**Цена закрытия: 147.5 руб
Доходность: -17.5%",['POSI'],[],['POSI'],False,POSI,Positive Technologies,информационные технологии,industry,Главное за неделю: Мозговой центр Сигналов РЦБ Открыл идею: Лонг ММК Цель: 61 (10) Срок: июль 2024 Закрыл ( по акциям ТЗА Цена закрытия 365 руб Доходность 37 Закрыл ( по акциям Транснефти Цена закрытия 1561 руб Доходность 10.5 Закрыл идею по акциям Positive Technologies Цена закрытия 3024 руб Доходность: 6.6 закрыл идею по акциям Софтлайн Цена закрытия: 147.5 руб Доходность: -17.5,-0.19999999999999996,0.23333333333333334,0.6666666666666666,0.10000000000000002,0.10000000000000003,neutral,negative
62402,2024-07-03 10:17:37+00:00,"#POSI
**Эксперт РА подтвердило рейтинг Группы Позитив на уровне ruAA со стабильным прогнозом** — Интерфакс",['POSI'],['POSI'],[],False,POSI,Positive Technologies,информационные технологии,company_specific,POSI Эксперт РА подтвердило рейтинг Группы Позитив на уровне ruAA со стабильным прогнозом Интерфакс,0.42857142857142855,0.0,0.7142857142857143,0.2857142857142857,0.41428571428571426,positive,positive
62532,2024-07-04 15:56:06+00:00,"#POSI #SOFL #ASTR #DIAS
**Комитет Госдумы одобрил продление срока действия налога на прибыль для ИТ-компаний в 5%** **до 2030г** — Интерфакс",['POSI'],['POSI'],[],False,POSI,Positive Technologies,информационные технологии,company_specific,POSI SOFL ASTR DIAS Комитет Госдумы одобрил продление срока действия налога на прибыль для ИТ-компаний в 5 до 2030г Интерфакс,0.30000000000000004,0.0,0.8,0.2,0.15000000000000002,positive,positive
62777,2024-07-11 16:18:40+00:00,"#POSI
📱 **Акционеры Positive Technologies одобрили допэмиссию акций**

• Номинал 0.5 руб каждая акция
• Количество размещаемых Акций: 5.214 млн штук
• Способ размещения: закрытая подписка",['POSI'],['POSI'],['POSI'],False,POSI,Positive Technologies,информационные технологии,company_specific,POSI Акционеры Positive Technologies одобрили допэмиссию акций Номинал 0.5 руб каждая акция Количество размещаемых Акций: 5.214 млн штук Способ размещения: закрытая подписка,0.47727272727272735,0.0,0.6818181818181818,0.31818181818181823,0.4386363636363637,positive,positive
62828,2024-07-13 07:20:20+00:00,"👍 **Главное за неделю**

🏠 **Сервис «Самолет плюс» оценили в ₽20 млрд в рамках подготовки к pre-IPO** **на платформе Zorko**
**В четверг компания объявила о начале сбора заявок на pre-IPO**, в ходе которого она планирует привлечь до ₽825 млн. Эмитент предложит инвесторам акции, выпущенные в рамках допэмиссии. Сделка пройдет по схеме cash-in

⛽️ **Потребление газа в РФ на фоне высоких температур обновило июльские максимумы **

⛽️🔋 **Россия изучает разные варианты поставок газа в Индию, участие индийских компаний в проектах РФ
 **
⛽️⛽️ **Госдума разрешила передавать Газпрому и Транснефти без торгов участки под трубопроводы**

**🛢**** Десятки российских нефтяных танкеров, попавших под санкции, простаивают**[** **](https://www.bloomberg.com/news/articles/2024-07-10/dozens-of-sanctioned-russian-oil-tankers-are-sitting-idle-all-over-the-world?srnd=undefined)**по всему миру**
Всего под санкции попали 53 судна, связанные с российской торговлей. Многие из них стоят у берегов России, Китая и Турции

🛢 **Доходы России от экспорта нефти в июне упали на фоне сокращения поставок  до $16.7 млрд — 4-месячный минимум **
Тем не менее, доходы страны от экспорта нефти выросли почти на 23% по сравнению с годом ранее.

🇷🇺🇮🇳 **Главным результатом на встрече Путина и Моди стала согласованная программа стратегического сотрудничества двух стран до 2030 года**
Поставлена цель достичь товарооборот между двумя странами в $100 млрд к 2030 году

⚓️ **США планирует ввести новые ограничения в отношении теневого флота РФ** 
Однако, Белый дом опасается роста цен на энергоносители в таком случае в преддверии президентских выборов

1️⃣ **Платформа B2B торговли между Россией и Китаем Кифа официально анонсировала IPO на Мосбирже** 

1️⃣ **Фармкомпания Промомед провела IPO по верхней границе диапазона — 400 руб на акцию** 

✈️ **Депутаты до конца года подготовят предложения по границам стоимости авиабилетов в РФ**

🇷🇺 **Обновленная программа ""Семейной ипотеки"" продлена до 2030 года**
Ставка в 6% будет при кредите до 12 млн руб. в Москве, Подмосковье и Петербурге, для остальных регионов — до 6 млн руб

🇷🇺 **Рост ВВП РФ за 5 месяцев составил 5%, что существенно выше всех прогнозов**

🇷🇺🇰🇿 **Инвесторов, которые держат российские ценные бумаги в Центральном депозитарии Казахстана, попросили вывести их до 10 августа**

📱 **Акционеры Positive Technologies одобрили допэмиссию акций**
• Номинал 0.5 руб каждая акция
• Количество размещаемых акций: 5.214 млн штук
• Способ размещения: закрытая подписка

🇷🇺 **Путин подписал закон, вводящий с 2025 года прогрессивную шкалу НДФЛ со ставками от 13% до 22%** 
Также подписаны законы:
• о повышении с 2025 года налога на прибыль организаций с 20% до 25%
• о повышении с 2025 года НДПИ на алмазы, железную руду и ряд других полезных ископаемых","['MAGN', 'GAZP', 'SIBN', 'NVTK', 'POSI', 'ALRS']",[],"['GAZP', 'ALRS', 'NVTK', 'SIBN', 'MAGN', 'POSI']",False,POSI,Positive Technologies,информационные технологии,industry,"Главное за неделю Сервис Самолет плюс оценили в 20 млрд в рамках подготовки к pre-IPO на платформе Zorko В четверг компания объявила о начале сбора заявок на pre-IPO, в ходе которого она планирует привлечь до 825 млн. Эмитент предложит инвесторам акции, выпущенные в рамках допэмиссии. Сделка пройдет по схеме cash-in Потребление газа в РФ на фоне высоких температур обновило июльские максимумы Россия изучает разные варианты поставок газа в Индию, участие индийских компаний в проектах РФ Госдума разрешила передавать Газпрому и Транснефти без торгов участки под трубопроводы Десятки российских нефтяных танкеров, попавших под санкции, простаивают ( всему миру Всего под санкции попали 53 судна, связанные с российской торговлей. Многие из них стоят у берегов России, Китая и Турции Доходы России от экспорта нефти в июне упали на фоне сокращения поставок до 16.7 млрд 4-месячный минимум Тем не менее, доходы страны от экспорта нефти выросли почти на 23 по сравнению с годом ранее. Главным результатом на встрече Путина и Моди стала согласованная программа стратегического сотрудничества двух стран до 2030 года Поставлена цель достичь товарооборот между двумя странами в 100 млрд к 2030 году США планирует ввести новые ограничения в отношении теневого флота РФ Однако, Белый дом опасается роста цен на энергоносители в таком случае в преддверии президентских выборов 1 Платформа B2B торговли между Россией и Китаем Кифа официально анонсировала IPO на Мосбирже 1 Фармкомпания Промомед провела IPO по верхней границе диапазона 400 руб на акцию Депутаты до конца года подготовят предложения по границам стоимости авиабилетов в РФ Обновленная программа ""Семейной ипотеки"" продлена до 2030 года Ставка в 6 будет при кредите до 12 млн руб. в Москве, Подмосковье и Петербурге, для остальных регионов до 6 млн руб Рост ВВП РФ за 5 месяцев составил 5, что существенно выше всех прогнозов Инвесторов, которые держат российские ценные бумаги в Центральном депозитарии Казахстана, попросили вывести их до 10 августа Акционеры Positive Technologies одобрили допэмиссию акций Номинал 0.5 руб каждая акция Количество размещаемых акций: 5.214 млн штук Способ размещения: закрытая подписка Путин подписал закон, вводящий с 2025 года прогрессивную шкалу НДФЛ со ставками от 13 до 22 Также подписаны законы: о повышении с 2025 года налога на прибыль организаций с 20 до 25 о повышении с 2025 года НДПИ на алмазы, железную руду и ряд других полезных ископаемых",0.08969014367960666,0.02128240697482193,0.8976417569306183,0.0810758360945597,0.24484507183980334,neutral,positive
63056,2024-07-19 17:59:09+00:00,"#POSI [Группа Позитив](https://www.tinkoff.ru/invest/stocks/POSI?utm_source=security_share)
💸 **Байбэк**

2.5. Количество приобретенных голосующих акций (размер приобретенной доли) эмитента (количество голосующих акций эмитента, права в отношении которых удостоверяют приобретенные депозитарные ценные бумаги): (Сведения не раскрываются на основании Постановлений Правительства РФ от 04.07.2023 №1102, от 28.09.2023 №1587).

Дата приобретения эмитентом или подконтрольной эмитенту организацией голосующих акций (долей) эмитента или депозитарных ценных бумаг, удостоверяющих права в отношении голосующих акций эмитента: 19.07.2024г – дата внесения приходной записи по счету депо акционера эмитента.

👉 [Полный текст сообщения](https://www.e-disclosure.ru/portal/event.aspx?EventId=cqU5N5nmf0GtnF5ZvI7XKg-B-B)

**Замечено  Шпионом РЦБ.**
**Подключить:** @StockSpy_bot",['POSI'],['POSI'],[],False,POSI,Positive Technologies,информационные технологии,company_specific,"POSI Группа Позитив( Байбэк 2.5. Количество приобретенных голосующих акций (размер приобретенной доли) эмитента (количество голосующих акций эмитента, права в отношении которых удостоверяют приобретенные депозитарные ценные бумаги): (Сведения не раскрываются на основании Постановлений Правительства РФ от 04.07.2023 1102, от 28.09.2023 1587). Дата приобретения эмитентом или подконтрольной эмитенту организацией голосующих акций (долей) эмитента или депозитарных ценных бумаг, удостоверяющих права в отношении голосующих акций эмитента: 19.07.2024г дата внесения приходной записи по счету депо акционера эмитента. Полный текст сообщения( Замечено Шпионом РЦБ. Подключить: StockSpy_bot",0.159375,0.0,0.89375,0.10625,0.2796875,neutral,positive
63104,2024-07-22 14:17:34+00:00,"#POSI #Отчетность
**🖨**** Positive Technologies: финансовые результаты 1П2024**

Выручка 5.28 млрд руб (+12.4% г/г)
Валовая прибыль 4.27 млрд руб (+4% г/г)
Чистый убыток 4.43 млрд руб (годом ранее убыток 0.388 млрд)

Общий объем отгрузок в первом полугодии составил 4.9 млрд рублей. **Менеджмент компании подтверждает ранее сформулированные прогнозы по отгрузкам на 2024 год в районе 40-50 млрд руб.**

Традиционно пик отгрузок приходится на последний квартал ввиду особенностей системы бюджетирования и цикла закупок дорогостоящих ИТ-решений",['POSI'],['POSI'],['POSI'],True,POSI,Positive Technologies,информационные технологии,company_specific,POSI Отчетность Positive Technologies: финансовые результаты 1П2024 Выручка 5.28 млрд руб (12.4 гг) Валовая прибыль 4.27 млрд руб (4 гг) Чистый убыток 4.43 млрд руб (годом ранее убыток 0.388 млрд) Общий объем отгрузок в первом полугодии составил 4.9 млрд рублей. Менеджмент компании подтверждает ранее сформулированные прогнозы по отгрузкам на 2024 год в районе 40-50 млрд руб. Традиционно пик отгрузок приходится на последний квартал ввиду особенностей системы бюджетирования и цикла закупок дорогостоящих ИТ-решений,0.07291666666666662,0.11111111111111113,0.7291666666666666,0.1597222222222222,-0.7235416666666667,neutral,positive
63294,2024-07-27 07:03:20+00:00,"👍 Главное за неделю: отчетности

**🖨 ММК: МСФО 6мес2024**
Выручка: 417.8 млрд руб (+18.5% г/г)
Чистая прибыль: 50.3 млрд руб (-2.5% г/г)

**🖨 Яндекс: РСБУ 1п2024**
Чистая прибыль: 621 млрд руб

**🖨** Северсталь: МСФО 6мес2024
Выручка: 409.13 млрд руб (+21% г/г)
EBITDA: 126.55 млрд руб (+6% г/г)

**🖨 Positive Technologies: МСФО 1п2024**
Выручка: 5.28 млрд руб (+12.4% г/г)
Чистый убыток: 4.43 млрд руб

**🖨 Новатэк: МСФО 6мес2024**
Чистая прибыль: 341.7 млрд руб
Нормализованная EBITDA: 480.7 млрд руб

**🖨 НМТП: РСБУ 6мес2024**
Чистая прибыль: 29.03 млрд руб (+65% г/г)

**🖨** **Русагро: МСФО 2кв2024**
Выручка: 72.26 млрд руб (+20% г/г)

**🖨 ВТБ: РСБУ 6мес2024**
Чистая прибыль: 135.64 млрд руб (-4% г/г)

**🖨 Т-Банк: РСБУ 1п2024**
Чистая прибыль: 28.87 млрд руб (1.5x г/г)","['MAGN', 'NVTK', 'VTBR', 'POSI']",[],"['VTBR', 'NVTK', 'MAGN', 'POSI']",False,POSI,Positive Technologies,информационные технологии,industry,Главное за неделю: отчетности ММК: МСФО 6мес2024 Выручка: 417.8 млрд руб (18.5 гг) Чистая прибыль: 50.3 млрд руб (-2.5 гг) Яндекс: РСБУ 1п2024 Чистая прибыль: 621 млрд руб Северсталь: МСФО 6мес2024 Выручка: 409.13 млрд руб (21 гг) EBITDA: 126.55 млрд руб (6 гг) Positive Technologies: МСФО 1п2024 Выручка: 5.28 млрд руб (12.4 гг) Чистый убыток: 4.43 млрд руб Новатэк: МСФО 6мес2024 Чистая прибыль: 341.7 млрд руб Нормализованная EBITDA: 480.7 млрд руб НМТП: РСБУ 6мес2024 Чистая прибыль: 29.03 млрд руб (65 гг) Русагро: МСФО 2кв2024 Выручка: 72.26 млрд руб (20 гг) ВТБ: РСБУ 6мес2024 Чистая прибыль: 135.64 млрд руб (-4 гг) Т-Банк: РСБУ 1п2024 Чистая прибыль: 28.87 млрд руб (1.5x гг),0.5024793388429752,0.03526170798898072,0.5944903581267218,0.37024793388429755,-0.5087603305785124,positive,positive
63893,2024-08-20 09:56:43+00:00,"**©️ ИДЕЯ ©️
⭐️ Positive Technologies ⭐️
**Тикер: POSI
Цель: 3 300 руб (+21%)
Срок: до конца года 
Текущая цена: 2 710

**Мозговой центр Сигналов РЦБ пользуется коррекцией в акциях POSI для возвращения в идею**. За месяц: POSI -13%, IMOEX -8%.

POSI после коррекции оценивается в <6.5x P/E 2025 г. с учётом допэмиссий. Триггером к переоценке до средней оценке сектора в >8.5x станут сезонно сильные результаты POSI за 3-4 кв.

Основной негатив вокруг POSI связан со слабой динамикой отгрузок в 1п (+8% г/г), но это обусловлено возросшей в этом году сезонностью бизнеса — больше контрактов придётся на конец года. 

Отгрузки по итогам года могут составить порядка 46 млрд руб. (+80% г/г), скорр. чистая прибыль (NIC) - порядка 16 млрд руб. или 225 руб./акцию (8%).

POSI сформировал вокруг себя центр компетенций в кибербезопасности. Компания залезла в несколько тысяч клиентов, на IT-бюджетах которых сможет ""паразитировать"" благодаря росту проникновения кибербеза.",['POSI'],[],['POSI'],False,POSI,Positive Technologies,информационные технологии,industry,"ИДЕЯ Positive Technologies Тикер: POSI Цель: 3 300 руб (21) Срок: до конца года Текущая цена: 2 710 Мозговой центр Сигналов РЦБ пользуется коррекцией в акциях POSI для возвращения в идею. За месяц: POSI -13, IMOEX -8. POSI после коррекции оценивается в 6.5x PE 2025 г. с учётом допэмиссий. Триггером к переоценке до средней оценке сектора в 8.5x станут сезонно сильные результаты POSI за 3-4 кв. Основной негатив вокруг POSI связан со слабой динамикой отгрузок в 1п (8 гг), но это обусловлено возросшей в этом году сезонностью бизнеса больше контрактов придётся на конец года. Отгрузки по итогам года могут составить порядка 46 млрд руб. (80 гг), скорр. чистая прибыль (NIC) - порядка 16 млрд руб. или 225 руб.акцию (8). POSI сформировал вокруг себя центр компетенций в кибербезопасности. Компания залезла в несколько тысяч клиентов, на IT-бюджетах которых сможет ""паразитировать"" благодаря росту проникновения кибербеза.",0.13685265783167877,0.0,0.9087648947788808,0.09123510522111919,0.2684263289158394,neutral,positive
63894,2024-08-20 10:05:34+00:00,"#Прогноз #POSI**
🔮 Альфа возобновил аналитическое покрытие Positive Technologies с рекомендацией ВЫШЕ РЫНКА и целевой ценой на уровне 4 100 руб./акцию, потенциал роста +50%**

""Несмотря на скромную динамику отгрузок в 1П24, мы ожидаем, что компания достигнет заявленных целей благодаря сформированной внушительной линейке зрелых и
новых продуктов, а также притоку новых заказчиков. 

РТ четко заявляет о долгосрочных амбициях по выходу на уровень лидеров мирового рынка продуктов кибербезопасности, и наш прогноз предполагает, что **с выручкой более $1.0 млрд компания может войти в десятку крупнейших глобальных игроков уже по итогам 2026 г.** 

Залогом конкурентоспособности является реализация преимущества компании-визионера на рынке ИБ и непрерывное развитие продуктового портфеля.""",['POSI'],['POSI'],['POSI'],True,POSI,Positive Technologies,информационные технологии,company_specific,"Прогноз POSI Альфа возобновил аналитическое покрытие Positive Technologies с рекомендацией ВЫШЕ РЫНКА и целевой ценой на уровне 4 100 руб.акцию, потенциал роста 50 ""Несмотря на скромную динамику отгрузок в 1П24, мы ожидаем, что компания достигнет заявленных целей благодаря сформированной внушительной линейке зрелых и новых продуктов, а также притоку новых заказчиков. РТ четко заявляет о долгосрочных амбициях по выходу на уровень лидеров мирового рынка продуктов кибербезопасности, и наш прогноз предполагает, что с выручкой более 1.0 млрд компания может войти в десятку крупнейших глобальных игроков уже по итогам 2026 г. Залогом конкурентоспособности является реализация преимущества компании-визионера на рынке ИБ и непрерывное развитие продуктового портфеля.""",0.15661982248520712,0.0,0.8955867850098619,0.10441321499013809,0.27830991124260357,neutral,positive
64000,2024-08-23 07:15:44+00:00,"#ASTR #POSI
Минцифры планирует в сентябре внести в Госдуму законопроект о сборе с российского бизнеса за использование зарубежного ПО — ТАСС",['POSI'],['POSI'],[],False,POSI,Positive Technologies,информационные технологии,company_specific,ASTR POSI Минцифры планирует в сентябре внести в Госдуму законопроект о сборе с российского бизнеса за использование зарубежного ПО ТАСС,0.0,0.0,1.0,0.0,0.0,neutral,neutral
64038,2024-08-23 15:53:36+00:00,"#ASTR #DIAS #POSI
**""Диасофт"", ""Галактика"", ЦФТ, ""Цифра"" и ряд других ИТ-компаний попали в санкционный список США**
Минфин США включил в санкционный список ряд российских ИТ-компаний, занимающихся разработкой ПО для различных секторов экономики.

👉[Полная новость](http://telegra.ph/Diasoft-Galaktika-CFT-Cifra-i-ryad-drugih-IT-kompanij-popali-v-sankcionnyj-spisok-SSHA-08-23-2)",['POSI'],['POSI'],[],False,POSI,Positive Technologies,информационные технологии,company_specific,"ASTR DIAS POSI ""Диасофт"", ""Галактика"", ЦФТ, ""Цифра"" и ряд других ИТ-компаний попали в санкционный список США Минфин США включил в санкционный список ряд российских ИТ-компаний, занимающихся разработкой ПО для различных секторов экономики. Полная новость(",0.07500000000000001,0.0,0.95,0.05,0.037500000000000006,neutral,positive
64656,2024-09-16 12:20:29+00:00,"#SOFL #YDEX #POSI #ASTR #CIAN #HHRU
**Мозговой центр Сигналов РЦБ обращает внимание на возможность в акциях Софтлайна, которые отстали от динамики всего технологического сектора за неделю**",['POSI'],['POSI'],[],True,POSI,Positive Technologies,информационные технологии,company_specific,"SOFL YDEX POSI ASTR CIAN HHRU Мозговой центр Сигналов РЦБ обращает внимание на возможность в акциях Софтлайна, которые отстали от динамики всего технологического сектора за неделю",0.05,0.0,0.9807692307692307,0.019230769230769232,0.025,neutral,neutral
64675,2024-09-17 09:17:37+00:00,"#POSI**
10-11 октября Positive Technologies проведёт конференцию, на которой расскажет о развитии текущих и представит новые продукты**
**
**10-11 октября пройдёт конференция Positive Security Day.

Выступят ведущие эксперты POSI, расскажут о портфеле продуктов. Отдельный трек будет посвящён PT NGFW - одному из ключевых драйверов бизнеса POSI: компания планирует за пару лет занять половину 100 миллиардного рынка, что больше чем вся прогнозная выручка POSI за 2024 г.",['POSI'],['POSI'],['POSI'],False,POSI,Positive Technologies,информационные технологии,company_specific,"POSI 10-11 октября Positive Technologies проведёт конференцию, на которой расскажет о развитии текущих и представит новые продукты 10-11 октября пройдёт конференция Positive Security Day. Выступят ведущие эксперты POSI, расскажут о портфеле продуктов. Отдельный трек будет посвящён PT NGFW - одному из ключевых драйверов бизнеса POSI: компания планирует за пару лет занять половину 100 миллиардного рынка, что больше чем вся прогнозная выручка POSI за 2024 г.",0.17578125,0.0,0.8828125,0.1171875,0.287890625,neutral,positive
65122,2024-10-04 17:53:09+00:00,"#POSI
**Акционеры ""Группы Позитив"" повторно рассмотрят вопрос проведения допэмиссии акций 7 ноября**
Акционеры ПАО ""Группа Позитив"" (головная компания группы Positive Technologies , занимающейся разработкой решений в области информационной безопасности) 7 ноября повторно рассмотрят вопрос о проведении допэмисии акций компании, которая в сентябре была приостановлена ЦБ РФ после обращения к регулятору ряда миноритарных акционеров, недовольных условиями её проведения.

[POSI](https://www.tinkoff.ru/invest/stocks/POSI?utm_source=security_share) 2632.2₽

👉[Полная новость](http://telegra.ph/Akcionery-Gruppy-Pozitiv-povtorno-rassmotryat-vopros-provedeniya-dopehmissii-akcij-7-noyabrya-10-04-2)

**Замечено Шпионом РЦБ.
Подключить:** @StockSpy_bot",['POSI'],['POSI'],['POSI'],False,POSI,Positive Technologies,информационные технологии,company_specific,"POSI Акционеры ""Группы Позитив"" повторно рассмотрят вопрос проведения допэмиссии акций 7 ноября Акционеры ПАО ""Группа Позитив"" (головная компания группы Positive Technologies , занимающейся разработкой решений в области информационной безопасности) 7 ноября повторно рассмотрят вопрос о проведении допэмисии акций компании, которая в сентябре была приостановлена ЦБ РФ после обращения к регулятору ряда миноритарных акционеров, недовольных условиями её проведения. POSI( 2632.2 Полная новость( Замечено Шпионом РЦБ. Подключить: StockSpy_bot",0.2391304347826087,0.0,0.8405797101449275,0.15942028985507248,0.5195652173913043,positive,positive
65170,2024-10-08 07:54:55+00:00,"#POSI
Банк России возобновил допэмиссию обыкновенных акций ГК Позитив по закрытой подписке","['VTBR', 'POSI']",['POSI'],['VTBR'],False,POSI,Positive Technologies,информационные технологии,company_specific,POSI Банк России возобновил допэмиссию обыкновенных акций ГК Позитив по закрытой подписке,0.5625000000000002,0.0,0.6249999999999999,0.3750000000000001,0.4812500000000001,positive,positive
65230,2024-10-09 13:28:00+00:00,"#POSI 
**⚡️**** Группа Позитив отозвала заявление на выпуск допэмиссии акций**",['POSI'],['POSI'],[],False,POSI,Positive Technologies,информационные технологии,company_specific,POSI Группа Позитив отозвала заявление на выпуск допэмиссии акций,0.75,0.0,0.5,0.5,0.575,very positive,positive
65231,2024-10-09 13:35:34+00:00,"#POSI
Группа Позитив» отозвала заявление на выпуск допэмиссии акций — следует из ответа Банка России инвестору, который ранее направлял жалобу — [РБК](https://www.rbc.ru/quote/news/article/67067f4c9a79470bd36e20ac?from=copy)

В релизе от 4 октября компания сообщила, что продолжает реализацию корпоративных действий, связанных с проведением дополнительной эмиссии акций
**
8 октября сообщалось, что ЦБ возобновил эмиссию.**","['VTBR', 'POSI']",['POSI'],['VTBR'],True,POSI,Positive Technologies,информационные технологии,company_specific,"POSI Группа Позитив отозвала заявление на выпуск допэмиссии акций следует из ответа Банка России инвестору, который ранее направлял жалобу РБК( В релизе от 4 октября компания сообщила, что продолжает реализацию корпоративных действий, связанных с проведением дополнительной эмиссии акций 8 октября сообщалось, что ЦБ возобновил эмиссию.",0.16666666666666666,0.0,0.8888888888888888,0.1111111111111111,0.2833333333333333,neutral,positive
65286,2024-10-10 12:37:24+00:00,"#POSI
ГК Позитив 20 ноября в 12:00 представит PT NGFW — Первый российский межсетевой экран нового поколения для высоконагруженных систем",['POSI'],['POSI'],[],True,POSI,Positive Technologies,информационные технологии,company_specific,POSI ГК Позитив 20 ноября в 12:00 представит PT NGFW Первый российский межсетевой экран нового поколения для высоконагруженных систем,0.3157894736842105,0.0,0.7894736842105263,0.21052631578947367,0.35789473684210527,positive,positive
65292,2024-10-10 14:28:04+00:00,"#POSI
**Группа Позитив планирует к 2028 году занять 50% рынка защиты данных в РФ объемом около 350 млрд рублей** — Интерфакс",['POSI'],['POSI'],[],False,POSI,Positive Technologies,информационные технологии,company_specific,POSI Группа Позитив планирует к 2028 году занять 50 рынка защиты данных в РФ объемом около 350 млрд рублей Интерфакс,0.30000000000000004,0.0,0.8,0.2,0.35000000000000003,positive,positive
66070,2024-11-07 10:00:56+00:00,"#POSI #Отчетность
**Positive Technologies: Отчетность по РСБУ за 9м2024**

Выручка — 10 млрд руб (х2.5 г/г)
Чистая прибыль — 9.9 млрд руб (х2.5 г/г)",['POSI'],['POSI'],['POSI'],True,POSI,Positive Technologies,информационные технологии,company_specific,POSI Отчетность Positive Technologies: Отчетность по РСБУ за 9м2024 Выручка 10 млрд руб (х2.5 гг) Чистая прибыль 9.9 млрд руб (х2.5 гг),0.7840909090909091,0.0,0.4772727272727273,0.5227272727272727,0.5920454545454545,very positive,positive
66073,2024-11-07 10:05:18+00:00,"#POSI
**Менеджмент ожидает, что по результатам 2024 года общий объем отгрузок составит от 30 до 36 млрд рублей** — пресс-релиз 

По прогнозам компании, на 4кв2024 придется 70–75% от общего объема отгрузок за год

**🧠**** Мозговой центр Сигналов РЦБ обращает внимание, что изначальный прогноз по отгрузкам за 2024 составлял 40-45 млрд руб**",['POSI'],['POSI'],[],False,POSI,Positive Technologies,информационные технологии,company_specific,"POSI Менеджмент ожидает, что по результатам 2024 года общий объем отгрузок составит от 30 до 36 млрд рублей пресс-релиз По прогнозам компании, на 4кв2024 придется 7075 от общего объема отгрузок за год Мозговой центр Сигналов РЦБ обращает внимание, что изначальный прогноз по отгрузкам за 2024 составлял 40-45 млрд руб",0.0,0.0,1.0,0.0,0.0,neutral,neutral
66527,2024-11-27 13:25:52+00:00,"#POSI
**""Группа Позитив"" инвестировала 750 млн руб. в собственный NGFW, готова отгрузить устройства на несколько миллиардов руб.**
ПАО ""Группа Позитив"" (головная компания группы Positive Technologies , занимающейся разработкой решений в области информационной безопасности) инвестировала 750 млн рублей в разработку и производство межсетевого экрана нового поколения PT NGFW, готова отгрузить заказчикам устройства на несколько миллиардов рублей, заявил ""Интерфаксу"" управляющий директор ""Группы Позитив"" Денис Кораблев в кулуарах мероприятия, посвященного выводу PT NGFW на рынок.

[POSI](https://www.tinkoff.ru/invest/stocks/POSI?utm_source=security_share) 1780.0₽

👉[Полная новость](http://telegra.ph/Gruppa-Pozitiv-investirovala-750-mln-rub-v-sobstvennyj-NGFW-gotova-otgruzit-ustrojstva-na-neskolko-milliardov-rub-11-27-3)

**Замечено Шпионом РЦБ.
Подключить:** @StockSpy_bot",['POSI'],['POSI'],['POSI'],False,POSI,Positive Technologies,информационные технологии,company_specific,"POSI ""Группа Позитив"" инвестировала 750 млн руб. в собственный NGFW, готова отгрузить устройства на несколько миллиардов руб. ПАО ""Группа Позитив"" (головная компания группы Positive Technologies , занимающейся разработкой решений в области информационной безопасности) инвестировала 750 млн рублей в разработку и производство межсетевого экрана нового поколения PT NGFW, готова отгрузить заказчикам устройства на несколько миллиардов рублей, заявил ""Интерфаксу"" управляющий директор ""Группы Позитив"" Денис Кораблев в кулуарах мероприятия, посвященного выводу PT NGFW на рынок. POSI( 1780.0 Полная новость( Замечено Шпионом РЦБ. Подключить: StockSpy_bot",0.20454545454545459,0.0,0.8636363636363636,0.13636363636363638,0.5022727272727273,positive,positive
66810,2024-12-05 16:23:42+00:00,"#POSI
**""Группа Позитив"" вышла на рынок Египта с помощью локального партнера**
ПАО ""Группа Позитив"" (головная организация группы Positive Technologies , занимающейся разработкой решений в области информационной безопасности) заключило дистрибьюторское соглашение с египетской компанией Mideast Communication Systems (MCS, поставщик ИБ-решений в Египте и ряде стран Африки), говорится в сообщении ПАО.

[POSI](https://www.tinkoff.ru/invest/stocks/POSI?utm_source=security_share) 1890.0₽

👉[Полная новость](http://telegra.ph/Gruppa-Pozitiv-vyshla-na-rynok-Egipta-s-pomoshchyu-lokalnogo-partnera-12-05-2)

**Замечено Шпионом РЦБ.
Подключить:** @StockSpy_bot",['POSI'],['POSI'],['POSI'],False,POSI,Positive Technologies,информационные технологии,company_specific,"POSI ""Группа Позитив"" вышла на рынок Египта с помощью локального партнера ПАО ""Группа Позитив"" (головная организация группы Positive Technologies , занимающейся разработкой решений в области информационной безопасности) заключило дистрибьюторское соглашение с египетской компанией Mideast Communication Systems (MCS, поставщик ИБ-решений в Египте и ряде стран Африки), говорится в сообщении ПАО. POSI( 1890.0 Полная новость( Замечено Шпионом РЦБ. Подключить: StockSpy_bot",0.29508196721311475,0.0,0.8032786885245902,0.19672131147540983,0.5475409836065575,positive,positive
67111,2024-12-18 06:19:08+00:00,"#MTSS
**МТС проводит реструктуризацию активов** и намерена вывести IT-подразделения в самостоятельную структуру — Коммерсантъ

В компанию МТС Web Services помимо облачного бизнеса и центров обработки данных войдут подразделения больших данных, направление искусственного интеллекта и кибербезопасность.","['MTSS', 'POSI']",['MTSS'],"['MTSS', 'POSI']",True,POSI,Positive Technologies,информационные технологии,industry,"MTSS МТС проводит реструктуризацию активов и намерена вывести IT-подразделения в самостоятельную структуру Коммерсантъ В компанию МТС Web Services помимо облачного бизнеса и центров обработки данных войдут подразделения больших данных, направление искусственного интеллекта и кибербезопасность.",0.2205882352941176,0.0735294117647059,0.7058823529411764,0.22058823529411764,0.5102941176470588,positive,positive
68073,2025-02-07 13:36:38+00:00,"#POSI [Группа Позитив](https://www.tinkoff.ru/invest/stocks/POSI?utm_source=security_share)
📣 **Существенное событие**

Краткое описание события, наступление которого, по мнению эмитента, оказывает влияние на стоимость или котировки его ценных бумаг:
Positive Technologies подводит предварительные итоги 2024 года: объем отгрузок клиентам компании составил около 26 млрд рублей

Positive Technologies подводит предварительные итоги деятельности за 2024 год. Исходя из текущих управленческих данных, объем отгрузок составил около 26 млрд рублей. Итоговое значение фактически оплаченных отгрузок 2024 года, по ожиданиям менеджмента, составит около 25,5 млрд рублей. Согласно учетной политике компании, оно будет сформировано по результатам поступления оплат до 31 марта 2025 года за отгруженные в 2024 году лицензии. 

Результаты деятельности оказались ниже первоначальных ожиданий менеджмента. На традиционно сильный для компании 4-й квартал пришелся период максимального ужесточения денежно-кредитной политики — повышения ключевой ставки и увеличения стоимости заемных средств, что существенно повлияло на возможности клиентов по использованию и расширению имеющихся бюджетов. 

Positive Technologies считает стратегически важным возвращение к таргетируемым нормам рентабельности чистой прибыли и темпам роста бизнеса компании. С этой целью проведена внутренняя трансформация и пересмотрены подходы к управлению компанией. В настоящий момент Positive Technologies актуализирует среднесрочную стратегию роста бизнеса и планирует представить ее весной.

В 2024 году Positive Technologies продолжила реализацию планов технологического развития. Ключевым событием 2024 года стал запуск нового флагманского решения PT NGFW. Разработка решения заняла около двух лет, а его сертификация состоялась в ноябре 2024 года. Это позволило Positive Technologies обеспечить присутствие на новом для компании сегменте рынка сетевой безопасности. К концу 2024 года было запущено или успешно завершено более 300 пилотных проектов. В настоящее время, с учетом длительности цикла заключения сделки, по большинству успешных пилотов проходит стадия подготовки к заключению контракта и проведения тендерных процедур. Основной объем отгрузок PT NGFW клиентам придется на 2025 и последующие годы. Positive Technologies видит существенный потенциал масштабирования продаж PT NGFW как в действующих заказчиках, так и на новых клиентов.  

В октябре 2024 года Positive Technologies анонсировала еще один продукт — PT Dephaze, который открывает новый для Positive Technologies сегмент рынка кибербезопасности — систем класса breach and attack simulation и автоматического пентеста. Кроме того, с запуском нового решения PT Data Security компания выходит на новый для нее рынок защиты данных. Старт пилотирования и продаж этих решений запланирован на 2025 год. 

В 2024 году Positive Technologies также продолжила развивать направление метапродуктов, представив MaxPatrol Carbon, который помогает подготовить IT-инфраструктуру к отражению атак и обеспечивает непрерывный контроль киберустойчивости, делая невозможным причинение ущерба компании. Кроме того, компания запустила новый сервис PT Knockin для проверки защищенности корпоративной электронной почты.

Итоговая аудированная консолидированная финансовая и управленческая отчетность за 2024 год будет опубликована в начале апреля. Сроки финализации отчетности по итогам года обусловлены принятой в компании учетной политикой: итоговый результат 2024 года будет включать фактически оплаченные до 31 марта 2025 года отгрузки.

👉 [Полный текст сообщения](https://www.e-disclosure.ru/portal/event.aspx?EventId=vQQs-AT-C0XUqDrfOrQulRLQ-B-B)

**Замечено  Шпионом РЦБ.**
**Подключить:** @StockSpy_bot",['POSI'],['POSI'],['POSI'],False,POSI,Positive Technologies,информационные технологии,company_specific,"POSI Группа Позитив( Существенное событие Краткое описание события, наступление которого, по мнению эмитента, оказывает влияние на стоимость или котировки его ценных бумаг: Positive Technologies подводит предварительные итоги 2024 года: объем отгрузок клиентам компании составил около 26 млрд рублей Positive Technologies подводит предварительные итоги деятельности за 2024 год. Исходя из текущих управленческих данных, объем отгрузок составил около 26 млрд рублей. Итоговое значение фактически оплаченных отгрузок 2024 года, по ожиданиям менеджмента, составит около 25,5 млрд рублей. Согласно учетной политике компании, оно будет сформировано по результатам поступления оплат до 31 марта 2025 года за отгруженные в 2024 году лицензии. Результаты деятельности оказались ниже первоначальных ожиданий менеджмента. На традиционно сильный для компании 4-й квартал пришелся период максимального ужесточения денежно-кредитной политики повышения ключевой ставки и увеличения стоимости заемных средств, что существенно повлияло на возможности клиентов по использованию и расширению имеющихся бюджетов. Positive Technologies считает стратегически важным возвращение к таргетируемым нормам рентабельности чистой прибыли и темпам роста бизнеса компании. С этой целью проведена внутренняя трансформация и пересмотрены подходы к управлению компанией. В настоящий момент Positive Technologies актуализирует среднесрочную стратегию роста бизнеса и планирует представить ее весной. В 2024 году Positive Technologies продолжила реализацию планов технологического развития. Ключевым событием 2024 года стал запуск нового флагманского решения PT NGFW. Разработка решения заняла около двух лет, а его сертификация состоялась в ноябре 2024 года. Это позволило Positive Technologies обеспечить присутствие на новом для компании сегменте рынка сетевой безопасности. К концу 2024 года было запущено или успешно завершено более 300 пилотных проектов. В настоящее время, с учетом длительности цикла заключения сделки, по большинству успешных пилотов проходит стадия подготовки к заключению контракта и проведения тендерных процедур. Основной объем отгрузок PT NGFW клиентам придется на 2025 и последующие годы. Positive Technologies видит существенный потенциал масштабирования продаж PT NGFW как в действующих заказчиках, так и на новых клиентов. В октябре 2024 года Positive Technologies анонсировала еще один продукт PT Dephaze, который открывает новый для Positive Technologies сегмент рынка кибербезопасности систем класса breach and attack simulation и автоматического пентеста. Кроме того, с запуском нового решения PT Data Security компания выходит на новый для нее рынок защиты данных. Старт пилотирования и продаж этих решений запланирован на 2025 год. В 2024 году Positive Technologies также продолжила развивать направление метапродуктов, представив MaxPatrol Carbon, который помогает подготовить IT-инфраструктуру к отражению атак и обеспечивает непрерывный контроль киберустойчивости, делая невозможным причинение ущерба компании. Кроме того, компания запустила новый сервис PT Knockin для проверки защищенности корпоративной электронной почты. Итоговая аудированная консолидированная финансовая и управленческая отчетность за 2024 год будет опубликована в начале апреля. Сроки финализации отчетности по итогам года обусловлены принятой в компании учетной политикой: итоговый результат 2024 года будет включать фактически оплаченные до 31 марта 2025 года отгрузки. Полный текст сообщения( Замечено Шпионом РЦБ. Подключить: StockSpy_bot",0.09350680689336205,0.0033246864673195393,0.9310127558031196,0.06566255772956091,0.446753403446681,neutral,positive
68336,2025-02-18 11:15:55+00:00,"#Теханализ #POSI**
Акции Позитива технически вышли из двухмесячного боковика вниз**

Проторговка под нижней границей и отсутствие возврата в боковик сообщают, что продавец продолжает давление

❗️ Вместе с синхронизацией рынка акции Позитива могут продолжить снижение как минимум к 1420-1450 руб

Дельта в Шпионе показывает наличие маркет продавца после отскока с 1420 до 1600. Давление продаж остается",['POSI'],['POSI'],[],True,POSI,Positive Technologies,информационные технологии,company_specific,"Теханализ POSI Акции Позитива технически вышли из двухмесячного боковика вниз Проторговка под нижней границей и отсутствие возврата в боковик сообщают, что продавец продолжает давление Вместе с синхронизацией рынка акции Позитива могут продолжить снижение как минимум к 1420-1450 руб Дельта в Шпионе показывает наличие маркет продавца после отскока с 1420 до 1600. Давление продаж остается",0.05,0.06481481481481481,0.8425925925925926,0.0925925925925926,0.225,neutral,neutral
68360,2025-02-18 16:06:49+00:00,"#POSI [Группа Позитив](https://www.tinkoff.ru/invest/stocks/POSI?utm_source=security_share)
💸 **Байбэк**

2.5. Количество приобретенных голосующих акций (размер приобретенной доли) эмитента (количество голосующих акций эмитента, права в отношении которых удостоверяют приобретенные депозитарные ценные бумаги): (Сведения не раскрываются на основании Постановлений Правительства РФ от 04.07.2023 №1102, от 28.09.2023 №1587).

Дата приобретения эмитентом или подконтрольной эмитенту организацией голосующих акций (долей) эмитента или депозитарных ценных бумаг, удостоверяющих права в отношении голосующих акций эмитента: 13.02.2025 - дата внесения приходной записи по счету депо подконтрольной эмитенту организации.

👉 [Полный текст сообщения](https://www.e-disclosure.ru/portal/event.aspx?EventId=dgvZKY5ggEOG8v6D0u6Xsw-B-B)

**Замечено  Шпионом РЦБ.**
**Подключить:** @StockSpy_bot",['POSI'],['POSI'],[],False,POSI,Positive Technologies,информационные технологии,company_specific,"POSI Группа Позитив( Байбэк 2.5. Количество приобретенных голосующих акций (размер приобретенной доли) эмитента (количество голосующих акций эмитента, права в отношении которых удостоверяют приобретенные депозитарные ценные бумаги): (Сведения не раскрываются на основании Постановлений Правительства РФ от 04.07.2023 1102, от 28.09.2023 1587). Дата приобретения эмитентом или подконтрольной эмитенту организацией голосующих акций (долей) эмитента или депозитарных ценных бумаг, удостоверяющих права в отношении голосующих акций эмитента: 13.02.2025 - дата внесения приходной записи по счету депо подконтрольной эмитенту организации. Полный текст сообщения( Замечено Шпионом РЦБ. Подключить: StockSpy_bot",0.15740740740740738,0.0,0.8950617283950617,0.10493827160493827,0.2787037037037037,neutral,positive
68417,2025-02-20 13:50:18+00:00,"#POSI #MTLR #Теханализ**
С 18 февраля, после **[**сообщения**](https://t.me/cbrstocks/68336)** о том, что в акциях Позитива сильный продавец: 

• POSI -2% **(в аналитике [Шпиона РЦБ](https://t.me/stockspy_bot) закрыли шорт с доходностью 4.5%)**
• IMOEX +1%
**
❗️ Обычка Мечела может повторить судьбу акций Позитива и показывать динамику слабее рынка в ближайшее время.

Сейчас Мечел обычка стоит 112 рублей, а потенциал снижения составляет как минимум 10% до 100 рублей, как максимум — **более 30% к декабрьским минимумам**

[Дельта MTLR в Шпионе РЦБ](https://t.me/stockspy_bot) за последний месяц перед отчетом в нуле, хотя в других акциях, наоборот — положительная и может составлять даже десятки млрд рублей

Это означает, что в акциях Мечела отсутствует покупатель. При синхронизации технического и фундаментального анализa **повышается вероятность отработки идеи, как это было с акциями Позитива**.",['POSI'],['POSI'],[],True,POSI,Positive Technologies,информационные технологии,company_specific,"POSI MTLR Теханализ С 18 февраля, после сообщения( о том, что в акциях Позитива сильный продавец: POSI -2 (в аналитике IMOEX 1 Обычка Мечела может повторить судьбу акций Позитива и показывать динамику слабее рынка в ближайшее время. Сейчас Мечел обычка стоит 112 рублей, а потенциал снижения составляет как минимум 10 до 100 рублей, как максимум более 30 к декабрьским минимумам Дельта MTLR в Шпионе РЦБ( за последний месяц перед отчетом в нуле, хотя в других акциях, наоборот положительная и может составлять даже десятки млрд рублей Это означает, что в акциях Мечела отсутствует покупатель. При синхронизации технического и фундаментального анализa повышается вероятность отработки идеи, как это было с акциями Позитива.",0.05,0.03122632775018938,0.9107819207137446,0.05799175153606599,0.225,neutral,neutral
69544,2025-04-04 15:04:10+00:00,"#POSI #дивиденды
💰 Группа Позитив 7 апреля обсудит дивиденды 2024г",['POSI'],['POSI'],[],False,POSI,Positive Technologies,информационные технологии,company_specific,POSI дивиденды Группа Позитив 7 апреля обсудит дивиденды 2024г,0.6666666666666667,0.0,0.5555555555555555,0.44444444444444453,0.5333333333333334,very positive,positive
69598,2025-04-07 15:00:24+00:00,"#POSI [Группа Позитив](https://www.tinkoff.ru/invest/stocks/POSI?utm_source=security_share)
💰 **Решения СД**

Текущая цена: 1216.8 ₽

Рекомендовать Собранию, чистую прибыль по итогам 2024 года в размере 6 491 639 рублей, отраженную в годовой бухгалтерской отчетности Общества по Российским стандартам бухгалтерского учета за 2024 год, распределить следующим образом: 130 350 рублей направить в резервный фонд, оставшуюся прибыль в размере 6 361 289 рублей не распределять. С учетом положений раздела 3 **Дивидендной** политики Общества и в связи с отрицательным значением показателя управленческой чистой прибыли группы «NIC» по итогам 2024 года, **дивиденды** по итогам 2024 года не выплачивать.

👉 [Полный текст сообщения](https://www.e-disclosure.ru/portal/event.aspx?EventId=mLdV2vlFcUSlSO1Z-Cvv7kg-B-B)

**Замечено  Шпионом РЦБ.**
**Подключить:** @StockSpy_bot",['POSI'],['POSI'],[],False,POSI,Positive Technologies,информационные технологии,company_specific,"POSI Группа Позитив( Решения СД Текущая цена: 1216.8 Рекомендовать Собранию, чистую прибыль по итогам 2024 года в размере 6 491 639 рублей, отраженную в годовой бухгалтерской отчетности Общества по Российским стандартам бухгалтерского учета за 2024 год, распределить следующим образом: 130 350 рублей направить в резервный фонд, оставшуюся прибыль в размере 6 361 289 рублей не распределять. С учетом положений раздела 3 Дивидендной политики Общества и в связи с отрицательным значением показателя управленческой чистой прибыли группы NIC по итогам 2024 года, дивиденды по итогам 2024 года не выплачивать. Полный текст сообщения( Замечено Шпионом РЦБ. Подключить: StockSpy_bot",0.25263157894736843,0.0,0.8315789473684211,0.16842105263157894,0.3263157894736842,positive,positive
