53b67587-96eb-4b41-8e0c-d2e3c0bdd234;2025-01-06T04:00:00Z;14.943;14.832;14.944;14.832;34;
53b67587-96eb-4b41-8e0c-d2e3c0bdd234;2025-01-06T04:01:00Z;14.832;14.73;14.832;14.73;80;
53b67587-96eb-4b41-8e0c-d2e3c0bdd234;2025-01-06T04:03:00Z;14.832;14.832;14.832;14.832;5;
53b67587-96eb-4b41-8e0c-d2e3c0bdd234;2025-01-06T04:04:00Z;14.83;14.83;14.83;14.83;1;
53b67587-96eb-4b41-8e0c-d2e3c0bdd234;2025-01-06T04:05:00Z;14.83;14.83;14.83;14.83;2;
53b67587-96eb-4b41-8e0c-d2e3c0bdd234;2025-01-06T04:06:00Z;14.83;14.829;14.83;14.829;4;
53b67587-96eb-4b41-8e0c-d2e3c0bdd234;2025-01-06T04:07:00Z;14.762;14.755;14.762;14.755;50;
53b67587-96eb-4b41-8e0c-d2e3c0bdd234;2025-01-06T04:08:00Z;14.8;14.752;14.8;14.752;60;
53b67587-96eb-4b41-8e0c-d2e3c0bdd234;2025-01-06T04:12:00Z;14.818;14.76;14.818;14.76;2;
53b67587-96eb-4b41-8e0c-d2e3c0bdd234;2025-01-06T04:14:00Z;14.764;14.764;14.764;14.764;1;
53b67587-96eb-4b41-8e0c-d2e3c0bdd234;2025-01-06T04:15:00Z;14.767;14.765;14.767;14.765;151;
53b67587-96eb-4b41-8e0c-d2e3c0bdd234;2025-01-06T04:16:00Z;14.767;14.766;14.767;14.766;10;
53b67587-96eb-4b41-8e0c-d2e3c0bdd234;2025-01-06T04:24:00Z;14.798;14.798;14.798;14.78;14;
53b67587-96eb-4b41-8e0c-d2e3c0bdd234;2025-01-06T04:25:00Z;14.798;14.8;14.8;14.798;14;
53b67587-96eb-4b41-8e0c-d2e3c0bdd234;2025-01-06T04:26:00Z;14.8;14.798;14.8;14.798;18;
53b67587-96eb-4b41-8e0c-d2e3c0bdd234;2025-01-06T04:30:00Z;14.799;14.799;14.799;14.799;10;
53b67587-96eb-4b41-8e0c-d2e3c0bdd234;2025-01-06T04:31:00Z;14.801;14.781;14.801;14.781;78;
53b67587-96eb-4b41-8e0c-d2e3c0bdd234;2025-01-06T04:34:00Z;14.8;14.802;14.802;14.8;25;
53b67587-96eb-4b41-8e0c-d2e3c0bdd234;2025-01-06T04:35:00Z;14.802;14.802;14.802;14.802;2;
53b67587-96eb-4b41-8e0c-d2e3c0bdd234;2025-01-06T04:38:00Z;14.802;14.802;14.802;14.802;2;
53b67587-96eb-4b41-8e0c-d2e3c0bdd234;2025-01-06T04:39:00Z;14.796;14.796;14.796;14.796;6;
53b67587-96eb-4b41-8e0c-d2e3c0bdd234;2025-01-06T04:42:00Z;14.807;14.807;14.807;14.807;30;
53b67587-96eb-4b41-8e0c-d2e3c0bdd234;2025-01-06T04:43:00Z;14.807;14.795;14.808;14.795;55;
53b67587-96eb-4b41-8e0c-d2e3c0bdd234;2025-01-06T04:47:00Z;14.838;14.838;14.838;14.838;1;
53b67587-96eb-4b41-8e0c-d2e3c0bdd234;2025-01-06T04:51:00Z;14.801;14.799;14.801;14.799;50;
53b67587-96eb-4b41-8e0c-d2e3c0bdd234;2025-01-06T04:57:00Z;14.799;14.799;14.799;14.798;57;
53b67587-96eb-4b41-8e0c-d2e3c0bdd234;2025-01-06T04:58:00Z;14.799;14.799;14.799;14.799;25;
53b67587-96eb-4b41-8e0c-d2e3c0bdd234;2025-01-06T05:01:00Z;14.799;14.798;14.799;14.798;40;
53b67587-96eb-4b41-8e0c-d2e3c0bdd234;2025-01-06T05:05:00Z;14.795;14.792;14.795;14.792;33;
53b67587-96eb-4b41-8e0c-d2e3c0bdd234;2025-01-06T05:09:00Z;14.795;14.795;14.795;14.795;1;
53b67587-96eb-4b41-8e0c-d2e3c0bdd234;2025-01-06T05:13:00Z;14.81;14.82;14.82;14.81;4;
53b67587-96eb-4b41-8e0c-d2e3c0bdd234;2025-01-06T05:16:00Z;14.829;14.829;14.829;14.829;1;
53b67587-96eb-4b41-8e0c-d2e3c0bdd234;2025-01-06T05:20:00Z;14.828;14.829;14.829;14.828;68;
53b67587-96eb-4b41-8e0c-d2e3c0bdd234;2025-01-06T05:21:00Z;14.82;14.83;14.83;14.806;262;
53b67587-96eb-4b41-8e0c-d2e3c0bdd234;2025-01-06T05:32:00Z;14.838;14.843;14.843;14.838;104;
53b67587-96eb-4b41-8e0c-d2e3c0bdd234;2025-01-06T05:33:00Z;14.848;14.85;14.85;14.848;41;
53b67587-96eb-4b41-8e0c-d2e3c0bdd234;2025-01-06T05:34:00Z;14.865;14.865;14.865;14.865;2;
53b67587-96eb-4b41-8e0c-d2e3c0bdd234;2025-01-06T05:35:00Z;14.866;14.866;14.866;14.866;1;
53b67587-96eb-4b41-8e0c-d2e3c0bdd234;2025-01-06T05:36:00Z;14.872;14.841;14.872;14.841;3;
53b67587-96eb-4b41-8e0c-d2e3c0bdd234;2025-01-06T05:37:00Z;14.841;14.841;14.841;14.841;1;
53b67587-96eb-4b41-8e0c-d2e3c0bdd234;2025-01-06T05:39:00Z;14.84;14.839;14.84;14.839;20;
53b67587-96eb-4b41-8e0c-d2e3c0bdd234;2025-01-06T05:40:00Z;14.839;14.839;14.839;14.839;37;
53b67587-96eb-4b41-8e0c-d2e3c0bdd234;2025-01-06T05:41:00Z;14.839;14.83;14.839;14.83;250;
53b67587-96eb-4b41-8e0c-d2e3c0bdd234;2025-01-06T05:44:00Z;14.83;14.809;14.83;14.809;100;
53b67587-96eb-4b41-8e0c-d2e3c0bdd234;2025-01-06T05:46:00Z;14.825;14.825;14.825;14.825;50;
53b67587-96eb-4b41-8e0c-d2e3c0bdd234;2025-01-06T05:48:00Z;14.849;14.849;14.849;14.849;6;
53b67587-96eb-4b41-8e0c-d2e3c0bdd234;2025-01-06T05:50:00Z;14.847;14.847;14.847;14.847;1;
53b67587-96eb-4b41-8e0c-d2e3c0bdd234;2025-01-06T05:53:00Z;14.815;14.847;14.847;14.815;3;
53b67587-96eb-4b41-8e0c-d2e3c0bdd234;2025-01-06T05:56:00Z;14.847;14.847;14.847;14.847;2;
53b67587-96eb-4b41-8e0c-d2e3c0bdd234;2025-01-06T05:58:00Z;14.817;14.815;14.817;14.815;10;
53b67587-96eb-4b41-8e0c-d2e3c0bdd234;2025-01-06T06:02:00Z;14.82;14.82;14.82;14.82;5;
53b67587-96eb-4b41-8e0c-d2e3c0bdd234;2025-01-06T06:04:00Z;14.82;14.82;14.82;14.82;2;
53b67587-96eb-4b41-8e0c-d2e3c0bdd234;2025-01-06T06:06:00Z;14.815;14.814;14.815;14.814;80;
53b67587-96eb-4b41-8e0c-d2e3c0bdd234;2025-01-06T06:07:00Z;14.846;14.846;14.846;14.846;1;
53b67587-96eb-4b41-8e0c-d2e3c0bdd234;2025-01-06T06:09:00Z;14.845;14.87;14.87;14.845;70;
53b67587-96eb-4b41-8e0c-d2e3c0bdd234;2025-01-06T06:10:00Z;14.869;14.869;14.869;14.869;1;
53b67587-96eb-4b41-8e0c-d2e3c0bdd234;2025-01-06T06:14:00Z;14.826;14.822;14.826;14.822;189;
53b67587-96eb-4b41-8e0c-d2e3c0bdd234;2025-01-06T06:15:00Z;14.819;14.819;14.819;14.819;1;
53b67587-96eb-4b41-8e0c-d2e3c0bdd234;2025-01-06T06:16:00Z;14.82;14.82;14.82;14.82;5;
53b67587-96eb-4b41-8e0c-d2e3c0bdd234;2025-01-06T06:18:00Z;14.849;14.871;14.872;14.849;136;
53b67587-96eb-4b41-8e0c-d2e3c0bdd234;2025-01-06T06:22:00Z;14.868;14.868;14.868;14.868;10;
53b67587-96eb-4b41-8e0c-d2e3c0bdd234;2025-01-06T06:23:00Z;14.868;14.882;14.882;14.868;199;
53b67587-96eb-4b41-8e0c-d2e3c0bdd234;2025-01-06T06:26:00Z;14.835;14.835;14.835;14.835;1;
53b67587-96eb-4b41-8e0c-d2e3c0bdd234;2025-01-06T06:28:00Z;14.876;14.877;14.877;14.876;3;
53b67587-96eb-4b41-8e0c-d2e3c0bdd234;2025-01-06T06:29:00Z;14.875;14.875;14.875;14.875;1;
53b67587-96eb-4b41-8e0c-d2e3c0bdd234;2025-01-06T06:30:00Z;14.841;14.841;14.841;14.841;3;
53b67587-96eb-4b41-8e0c-d2e3c0bdd234;2025-01-06T06:32:00Z;14.841;14.841;14.841;14.841;2;
53b67587-96eb-4b41-8e0c-d2e3c0bdd234;2025-01-06T06:34:00Z;14.841;14.835;14.841;14.835;24;
53b67587-96eb-4b41-8e0c-d2e3c0bdd234;2025-01-06T06:36:00Z;14.834;14.835;14.835;14.831;3;
53b67587-96eb-4b41-8e0c-d2e3c0bdd234;2025-01-06T06:37:00Z;14.829;14.829;14.83;14.828;46;
53b67587-96eb-4b41-8e0c-d2e3c0bdd234;2025-01-06T06:38:00Z;14.835;14.829;14.835;14.829;26;
53b67587-96eb-4b41-8e0c-d2e3c0bdd234;2025-01-06T06:39:00Z;14.835;14.85;14.85;14.835;10;
53b67587-96eb-4b41-8e0c-d2e3c0bdd234;2025-01-06T06:59:00Z;14.931;14.931;14.931;14.931;2719;
53b67587-96eb-4b41-8e0c-d2e3c0bdd234;2025-01-06T07:00:00Z;14.935;14.897;14.984;14.886;13315;
53b67587-96eb-4b41-8e0c-d2e3c0bdd234;2025-01-06T07:01:00Z;14.897;14.873;14.906;14.829;10013;
53b67587-96eb-4b41-8e0c-d2e3c0bdd234;2025-01-06T07:02:00Z;14.878;14.821;14.888;14.805;4530;
53b67587-96eb-4b41-8e0c-d2e3c0bdd234;2025-01-06T07:03:00Z;14.83;14.801;14.841;14.771;12368;
53b67587-96eb-4b41-8e0c-d2e3c0bdd234;2025-01-06T07:04:00Z;14.8;14.81;14.828;14.781;4574;
53b67587-96eb-4b41-8e0c-d2e3c0bdd234;2025-01-06T07:05:00Z;14.81;14.836;14.868;14.803;7386;
53b67587-96eb-4b41-8e0c-d2e3c0bdd234;2025-01-06T07:06:00Z;14.836;14.82;14.861;14.819;4336;
53b67587-96eb-4b41-8e0c-d2e3c0bdd234;2025-01-06T07:07:00Z;14.829;14.843;14.849;14.817;2239;
53b67587-96eb-4b41-8e0c-d2e3c0bdd234;2025-01-06T07:08:00Z;14.838;14.847;14.849;14.827;3527;
53b67587-96eb-4b41-8e0c-d2e3c0bdd234;2025-01-06T07:09:00Z;14.844;14.849;14.849;14.833;1622;
53b67587-96eb-4b41-8e0c-d2e3c0bdd234;2025-01-06T07:10:00Z;14.84;14.833;14.84;14.833;2100;
53b67587-96eb-4b41-8e0c-d2e3c0bdd234;2025-01-06T07:11:00Z;14.83;14.824;14.834;14.814;4426;
53b67587-96eb-4b41-8e0c-d2e3c0bdd234;2025-01-06T07:12:00Z;14.819;14.821;14.831;14.814;2297;
53b67587-96eb-4b41-8e0c-d2e3c0bdd234;2025-01-06T07:13:00Z;14.824;14.825;14.827;14.82;748;
53b67587-96eb-4b41-8e0c-d2e3c0bdd234;2025-01-06T07:14:00Z;14.82;14.817;14.83;14.817;1312;
53b67587-96eb-4b41-8e0c-d2e3c0bdd234;2025-01-06T07:15:00Z;14.823;14.837;14.837;14.817;3535;
53b67587-96eb-4b41-8e0c-d2e3c0bdd234;2025-01-06T07:16:00Z;14.837;14.831;14.837;14.828;1036;
53b67587-96eb-4b41-8e0c-d2e3c0bdd234;2025-01-06T07:17:00Z;14.832;14.856;14.864;14.831;1830;
53b67587-96eb-4b41-8e0c-d2e3c0bdd234;2025-01-06T07:18:00Z;14.856;14.863;14.863;14.856;322;
53b67587-96eb-4b41-8e0c-d2e3c0bdd234;2025-01-06T07:19:00Z;14.863;14.864;14.875;14.861;967;
53b67587-96eb-4b41-8e0c-d2e3c0bdd234;2025-01-06T07:20:00Z;14.871;14.857;14.871;14.857;93;
53b67587-96eb-4b41-8e0c-d2e3c0bdd234;2025-01-06T07:21:00Z;14.868;14.829;14.878;14.821;3561;
53b67587-96eb-4b41-8e0c-d2e3c0bdd234;2025-01-06T07:22:00Z;14.827;14.846;14.85;14.827;382;
53b67587-96eb-4b41-8e0c-d2e3c0bdd234;2025-01-06T07:23:00Z;14.847;14.844;14.849;14.844;85;
53b67587-96eb-4b41-8e0c-d2e3c0bdd234;2025-01-06T07:24:00Z;14.84;14.833;14.845;14.83;231;
53b67587-96eb-4b41-8e0c-d2e3c0bdd234;2025-01-06T07:25:00Z;14.836;14.848;14.856;14.833;2040;
53b67587-96eb-4b41-8e0c-d2e3c0bdd234;2025-01-06T07:26:00Z;14.847;14.848;14.85;14.847;1300;
53b67587-96eb-4b41-8e0c-d2e3c0bdd234;2025-01-06T07:27:00Z;14.839;14.83;14.839;14.829;880;
53b67587-96eb-4b41-8e0c-d2e3c0bdd234;2025-01-06T07:28:00Z;14.831;14.814;14.831;14.814;2320;
53b67587-96eb-4b41-8e0c-d2e3c0bdd234;2025-01-06T07:29:00Z;14.814;14.814;14.819;14.814;6007;
53b67587-96eb-4b41-8e0c-d2e3c0bdd234;2025-01-06T07:30:00Z;14.814;14.812;14.819;14.812;2697;
53b67587-96eb-4b41-8e0c-d2e3c0bdd234;2025-01-06T07:31:00Z;14.81;14.799;14.81;14.799;1911;
53b67587-96eb-4b41-8e0c-d2e3c0bdd234;2025-01-06T07:32:00Z;14.799;14.805;14.806;14.799;2098;
53b67587-96eb-4b41-8e0c-d2e3c0bdd234;2025-01-06T07:33:00Z;14.812;14.839;14.866;14.812;4240;
53b67587-96eb-4b41-8e0c-d2e3c0bdd234;2025-01-06T07:34:00Z;14.847;14.847;14.852;14.841;150;
53b67587-96eb-4b41-8e0c-d2e3c0bdd234;2025-01-06T07:35:00Z;14.849;14.837;14.854;14.829;106;
53b67587-96eb-4b41-8e0c-d2e3c0bdd234;2025-01-06T07:36:00Z;14.829;14.805;14.837;14.805;4143;
53b67587-96eb-4b41-8e0c-d2e3c0bdd234;2025-01-06T07:37:00Z;14.806;14.813;14.813;14.805;335;
53b67587-96eb-4b41-8e0c-d2e3c0bdd234;2025-01-06T07:38:00Z;14.813;14.826;14.826;14.813;116;
53b67587-96eb-4b41-8e0c-d2e3c0bdd234;2025-01-06T07:39:00Z;14.829;14.823;14.843;14.823;656;
53b67587-96eb-4b41-8e0c-d2e3c0bdd234;2025-01-06T07:40:00Z;14.838;14.835;14.838;14.831;36;
53b67587-96eb-4b41-8e0c-d2e3c0bdd234;2025-01-06T07:41:00Z;14.835;14.861;14.861;14.835;1388;
53b67587-96eb-4b41-8e0c-d2e3c0bdd234;2025-01-06T07:42:00Z;14.86;14.887;14.92;14.86;11875;
53b67587-96eb-4b41-8e0c-d2e3c0bdd234;2025-01-06T07:43:00Z;14.891;14.913;14.93;14.887;5705;
53b67587-96eb-4b41-8e0c-d2e3c0bdd234;2025-01-06T07:44:00Z;14.913;14.91;14.919;14.886;3413;
53b67587-96eb-4b41-8e0c-d2e3c0bdd234;2025-01-06T07:45:00Z;14.91;14.904;14.916;14.896;395;
53b67587-96eb-4b41-8e0c-d2e3c0bdd234;2025-01-06T07:46:00Z;14.898;14.88;14.898;14.88;730;
53b67587-96eb-4b41-8e0c-d2e3c0bdd234;2025-01-06T07:47:00Z;14.883;14.904;14.904;14.881;119;
53b67587-96eb-4b41-8e0c-d2e3c0bdd234;2025-01-06T07:48:00Z;14.907;14.896;14.91;14.896;1082;
53b67587-96eb-4b41-8e0c-d2e3c0bdd234;2025-01-06T07:49:00Z;14.896;14.9;14.905;14.891;206;
53b67587-96eb-4b41-8e0c-d2e3c0bdd234;2025-01-06T07:50:00Z;14.899;14.904;14.904;14.897;266;
53b67587-96eb-4b41-8e0c-d2e3c0bdd234;2025-01-06T07:51:00Z;14.909;14.92;14.921;14.905;235;
53b67587-96eb-4b41-8e0c-d2e3c0bdd234;2025-01-06T07:52:00Z;14.922;14.933;14.936;14.918;2424;
53b67587-96eb-4b41-8e0c-d2e3c0bdd234;2025-01-06T07:53:00Z;14.923;14.936;14.936;14.923;1367;
53b67587-96eb-4b41-8e0c-d2e3c0bdd234;2025-01-06T07:54:00Z;14.929;14.936;14.942;14.929;1367;
53b67587-96eb-4b41-8e0c-d2e3c0bdd234;2025-01-06T07:55:00Z;14.94;14.923;14.94;14.915;1156;
53b67587-96eb-4b41-8e0c-d2e3c0bdd234;2025-01-06T07:56:00Z;14.915;14.894;14.915;14.894;1759;
53b67587-96eb-4b41-8e0c-d2e3c0bdd234;2025-01-06T07:57:00Z;14.89;14.896;14.906;14.886;1173;
53b67587-96eb-4b41-8e0c-d2e3c0bdd234;2025-01-06T07:58:00Z;14.897;14.899;14.923;14.895;1058;
53b67587-96eb-4b41-8e0c-d2e3c0bdd234;2025-01-06T07:59:00Z;14.899;14.912;14.912;14.899;124;
53b67587-96eb-4b41-8e0c-d2e3c0bdd234;2025-01-06T08:00:00Z;14.908;14.892;14.908;14.892;158;
53b67587-96eb-4b41-8e0c-d2e3c0bdd234;2025-01-06T08:01:00Z;14.893;14.865;14.896;14.856;2511;
53b67587-96eb-4b41-8e0c-d2e3c0bdd234;2025-01-06T08:02:00Z;14.865;14.868;14.876;14.865;1671;
53b67587-96eb-4b41-8e0c-d2e3c0bdd234;2025-01-06T08:03:00Z;14.868;14.876;14.881;14.867;342;
53b67587-96eb-4b41-8e0c-d2e3c0bdd234;2025-01-06T08:04:00Z;14.882;14.895;14.895;14.871;441;
53b67587-96eb-4b41-8e0c-d2e3c0bdd234;2025-01-06T08:05:00Z;14.879;14.879;14.882;14.871;373;
53b67587-96eb-4b41-8e0c-d2e3c0bdd234;2025-01-06T08:06:00Z;14.879;14.871;14.879;14.871;58;
53b67587-96eb-4b41-8e0c-d2e3c0bdd234;2025-01-06T08:07:00Z;14.871;14.87;14.872;14.866;104;
53b67587-96eb-4b41-8e0c-d2e3c0bdd234;2025-01-06T08:08:00Z;14.871;14.867;14.876;14.867;69;
53b67587-96eb-4b41-8e0c-d2e3c0bdd234;2025-01-06T08:09:00Z;14.875;14.888;14.888;14.875;278;
53b67587-96eb-4b41-8e0c-d2e3c0bdd234;2025-01-06T08:10:00Z;14.884;14.91;14.91;14.884;2954;
53b67587-96eb-4b41-8e0c-d2e3c0bdd234;2025-01-06T08:11:00Z;14.908;14.906;14.91;14.897;295;
53b67587-96eb-4b41-8e0c-d2e3c0bdd234;2025-01-06T08:12:00Z;14.898;14.899;14.901;14.898;27;
53b67587-96eb-4b41-8e0c-d2e3c0bdd234;2025-01-06T08:13:00Z;14.897;14.901;14.909;14.897;99;
53b67587-96eb-4b41-8e0c-d2e3c0bdd234;2025-01-06T08:14:00Z;14.902;14.919;14.92;14.902;2354;
53b67587-96eb-4b41-8e0c-d2e3c0bdd234;2025-01-06T08:15:00Z;14.912;14.907;14.92;14.899;407;
53b67587-96eb-4b41-8e0c-d2e3c0bdd234;2025-01-06T08:16:00Z;14.918;14.918;14.92;14.913;495;
53b67587-96eb-4b41-8e0c-d2e3c0bdd234;2025-01-06T08:17:00Z;14.914;14.918;14.919;14.911;65;
53b67587-96eb-4b41-8e0c-d2e3c0bdd234;2025-01-06T08:18:00Z;14.91;14.911;14.913;14.907;83;
53b67587-96eb-4b41-8e0c-d2e3c0bdd234;2025-01-06T08:19:00Z;14.907;14.902;14.907;14.897;140;
53b67587-96eb-4b41-8e0c-d2e3c0bdd234;2025-01-06T08:21:00Z;14.902;14.902;14.907;14.902;35;
53b67587-96eb-4b41-8e0c-d2e3c0bdd234;2025-01-06T08:22:00Z;14.901;14.906;14.907;14.901;440;
53b67587-96eb-4b41-8e0c-d2e3c0bdd234;2025-01-06T08:23:00Z;14.902;14.905;14.907;14.901;92;
53b67587-96eb-4b41-8e0c-d2e3c0bdd234;2025-01-06T08:24:00Z;14.9;14.904;14.904;14.894;37;
53b67587-96eb-4b41-8e0c-d2e3c0bdd234;2025-01-06T08:25:00Z;14.894;14.895;14.897;14.892;156;
53b67587-96eb-4b41-8e0c-d2e3c0bdd234;2025-01-06T08:26:00Z;14.895;14.9;14.9;14.894;14;
53b67587-96eb-4b41-8e0c-d2e3c0bdd234;2025-01-06T08:27:00Z;14.897;14.9;14.9;14.895;26;
53b67587-96eb-4b41-8e0c-d2e3c0bdd234;2025-01-06T08:28:00Z;14.9;14.894;14.9;14.894;47;
53b67587-96eb-4b41-8e0c-d2e3c0bdd234;2025-01-06T08:29:00Z;14.895;14.897;14.9;14.891;301;
53b67587-96eb-4b41-8e0c-d2e3c0bdd234;2025-01-06T08:30:00Z;14.895;14.895;14.906;14.884;1268;
53b67587-96eb-4b41-8e0c-d2e3c0bdd234;2025-01-06T08:31:00Z;14.895;14.884;14.895;14.882;211;
53b67587-96eb-4b41-8e0c-d2e3c0bdd234;2025-01-06T08:32:00Z;14.889;14.905;14.907;14.888;768;
53b67587-96eb-4b41-8e0c-d2e3c0bdd234;2025-01-06T08:33:00Z;14.903;14.899;14.904;14.899;27;
53b67587-96eb-4b41-8e0c-d2e3c0bdd234;2025-01-06T08:34:00Z;14.899;14.907;14.907;14.897;450;
53b67587-96eb-4b41-8e0c-d2e3c0bdd234;2025-01-06T08:35:00Z;14.905;14.913;14.913;14.905;523;
53b67587-96eb-4b41-8e0c-d2e3c0bdd234;2025-01-06T08:36:00Z;14.914;14.9;14.914;14.892;2387;
53b67587-96eb-4b41-8e0c-d2e3c0bdd234;2025-01-06T08:37:00Z;14.905;14.93;14.93;14.905;1327;
53b67587-96eb-4b41-8e0c-d2e3c0bdd234;2025-01-06T08:38:00Z;14.93;14.928;14.932;14.923;1558;
53b67587-96eb-4b41-8e0c-d2e3c0bdd234;2025-01-06T08:39:00Z;14.934;14.939;14.939;14.929;1466;
53b67587-96eb-4b41-8e0c-d2e3c0bdd234;2025-01-06T08:40:00Z;14.93;14.929;14.942;14.928;962;
53b67587-96eb-4b41-8e0c-d2e3c0bdd234;2025-01-06T08:41:00Z;14.934;14.943;14.943;14.934;295;
53b67587-96eb-4b41-8e0c-d2e3c0bdd234;2025-01-06T08:42:00Z;14.94;14.971;14.978;14.94;3826;
53b67587-96eb-4b41-8e0c-d2e3c0bdd234;2025-01-06T08:43:00Z;14.975;14.966;14.977;14.964;472;
53b67587-96eb-4b41-8e0c-d2e3c0bdd234;2025-01-06T08:44:00Z;14.97;14.965;14.975;14.961;572;
53b67587-96eb-4b41-8e0c-d2e3c0bdd234;2025-01-06T08:45:00Z;14.964;14.948;14.968;14.948;796;
53b67587-96eb-4b41-8e0c-d2e3c0bdd234;2025-01-06T08:46:00Z;14.95;14.941;14.963;14.941;811;
53b67587-96eb-4b41-8e0c-d2e3c0bdd234;2025-01-06T08:47:00Z;14.941;14.957;14.957;14.915;2238;
53b67587-96eb-4b41-8e0c-d2e3c0bdd234;2025-01-06T08:48:00Z;14.953;14.938;14.953;14.938;82;
53b67587-96eb-4b41-8e0c-d2e3c0bdd234;2025-01-06T08:49:00Z;14.937;14.921;14.937;14.91;2185;
53b67587-96eb-4b41-8e0c-d2e3c0bdd234;2025-01-06T08:50:00Z;14.923;14.923;14.923;14.919;280;
53b67587-96eb-4b41-8e0c-d2e3c0bdd234;2025-01-06T08:51:00Z;14.928;14.93;14.934;14.928;83;
53b67587-96eb-4b41-8e0c-d2e3c0bdd234;2025-01-06T08:52:00Z;14.931;14.931;14.94;14.927;270;
53b67587-96eb-4b41-8e0c-d2e3c0bdd234;2025-01-06T08:53:00Z;14.927;14.91;14.927;14.91;544;
53b67587-96eb-4b41-8e0c-d2e3c0bdd234;2025-01-06T08:54:00Z;14.914;14.904;14.916;14.9;1044;
53b67587-96eb-4b41-8e0c-d2e3c0bdd234;2025-01-06T08:55:00Z;14.907;14.911;14.912;14.907;122;
53b67587-96eb-4b41-8e0c-d2e3c0bdd234;2025-01-06T08:57:00Z;14.914;14.92;14.92;14.913;133;
53b67587-96eb-4b41-8e0c-d2e3c0bdd234;2025-01-06T08:58:00Z;14.92;14.92;14.92;14.914;229;
53b67587-96eb-4b41-8e0c-d2e3c0bdd234;2025-01-06T08:59:00Z;14.919;14.934;14.94;14.915;832;
53b67587-96eb-4b41-8e0c-d2e3c0bdd234;2025-01-06T09:00:00Z;14.934;14.924;14.94;14.9;1152;
53b67587-96eb-4b41-8e0c-d2e3c0bdd234;2025-01-06T09:01:00Z;14.925;14.933;14.933;14.925;528;
53b67587-96eb-4b41-8e0c-d2e3c0bdd234;2025-01-06T09:04:00Z;14.935;14.94;14.94;14.933;355;
53b67587-96eb-4b41-8e0c-d2e3c0bdd234;2025-01-06T09:05:00Z;14.935;14.9;14.94;14.898;1202;
53b67587-96eb-4b41-8e0c-d2e3c0bdd234;2025-01-06T09:06:00Z;14.898;14.9;14.9;14.898;349;
53b67587-96eb-4b41-8e0c-d2e3c0bdd234;2025-01-06T09:07:00Z;14.898;14.893;14.898;14.892;650;
53b67587-96eb-4b41-8e0c-d2e3c0bdd234;2025-01-06T09:08:00Z;14.894;14.916;14.916;14.893;1186;
53b67587-96eb-4b41-8e0c-d2e3c0bdd234;2025-01-06T09:09:00Z;14.908;14.903;14.914;14.903;231;
53b67587-96eb-4b41-8e0c-d2e3c0bdd234;2025-01-06T09:10:00Z;14.902;14.908;14.908;14.902;51;
53b67587-96eb-4b41-8e0c-d2e3c0bdd234;2025-01-06T09:11:00Z;14.903;14.906;14.906;14.898;80;
53b67587-96eb-4b41-8e0c-d2e3c0bdd234;2025-01-06T09:12:00Z;14.9;14.9;14.9;14.9;3;
53b67587-96eb-4b41-8e0c-d2e3c0bdd234;2025-01-06T09:13:00Z;14.9;14.898;14.9;14.898;451;
53b67587-96eb-4b41-8e0c-d2e3c0bdd234;2025-01-06T09:14:00Z;14.898;14.882;14.898;14.88;1621;
53b67587-96eb-4b41-8e0c-d2e3c0bdd234;2025-01-06T09:15:00Z;14.878;14.87;14.884;14.865;2242;
53b67587-96eb-4b41-8e0c-d2e3c0bdd234;2025-01-06T09:16:00Z;14.87;14.882;14.882;14.87;290;
53b67587-96eb-4b41-8e0c-d2e3c0bdd234;2025-01-06T09:17:00Z;14.88;14.876;14.88;14.875;4;
53b67587-96eb-4b41-8e0c-d2e3c0bdd234;2025-01-06T09:18:00Z;14.877;14.878;14.879;14.876;34;
53b67587-96eb-4b41-8e0c-d2e3c0bdd234;2025-01-06T09:19:00Z;14.879;14.878;14.881;14.876;43;
53b67587-96eb-4b41-8e0c-d2e3c0bdd234;2025-01-06T09:20:00Z;14.878;14.878;14.879;14.878;14;
53b67587-96eb-4b41-8e0c-d2e3c0bdd234;2025-01-06T09:21:00Z;14.876;14.876;14.876;14.874;176;
53b67587-96eb-4b41-8e0c-d2e3c0bdd234;2025-01-06T09:22:00Z;14.876;14.89;14.89;14.876;357;
53b67587-96eb-4b41-8e0c-d2e3c0bdd234;2025-01-06T09:23:00Z;14.879;14.879;14.88;14.877;118;
53b67587-96eb-4b41-8e0c-d2e3c0bdd234;2025-01-06T09:24:00Z;14.877;14.879;14.879;14.875;102;
53b67587-96eb-4b41-8e0c-d2e3c0bdd234;2025-01-06T09:25:00Z;14.875;14.87;14.875;14.87;529;
53b67587-96eb-4b41-8e0c-d2e3c0bdd234;2025-01-06T09:26:00Z;14.87;14.856;14.87;14.852;589;
53b67587-96eb-4b41-8e0c-d2e3c0bdd234;2025-01-06T09:27:00Z;14.866;14.864;14.866;14.856;25;
53b67587-96eb-4b41-8e0c-d2e3c0bdd234;2025-01-06T09:28:00Z;14.856;14.866;14.866;14.855;306;
53b67587-96eb-4b41-8e0c-d2e3c0bdd234;2025-01-06T09:29:00Z;14.857;14.859;14.866;14.857;3;
53b67587-96eb-4b41-8e0c-d2e3c0bdd234;2025-01-06T09:30:00Z;14.864;14.86;14.864;14.851;125;
53b67587-96eb-4b41-8e0c-d2e3c0bdd234;2025-01-06T09:31:00Z;14.854;14.85;14.854;14.85;488;
53b67587-96eb-4b41-8e0c-d2e3c0bdd234;2025-01-06T09:32:00Z;14.85;14.84;14.852;14.84;642;
53b67587-96eb-4b41-8e0c-d2e3c0bdd234;2025-01-06T09:33:00Z;14.841;14.842;14.852;14.841;621;
53b67587-96eb-4b41-8e0c-d2e3c0bdd234;2025-01-06T09:34:00Z;14.848;14.841;14.848;14.841;158;
53b67587-96eb-4b41-8e0c-d2e3c0bdd234;2025-01-06T09:35:00Z;14.841;14.841;14.847;14.841;1304;
53b67587-96eb-4b41-8e0c-d2e3c0bdd234;2025-01-06T09:36:00Z;14.841;14.839;14.841;14.839;160;
53b67587-96eb-4b41-8e0c-d2e3c0bdd234;2025-01-06T09:37:00Z;14.839;14.838;14.839;14.838;113;
53b67587-96eb-4b41-8e0c-d2e3c0bdd234;2025-01-06T09:38:00Z;14.836;14.833;14.839;14.831;264;
53b67587-96eb-4b41-8e0c-d2e3c0bdd234;2025-01-06T09:39:00Z;14.831;14.826;14.833;14.817;718;
53b67587-96eb-4b41-8e0c-d2e3c0bdd234;2025-01-06T09:40:00Z;14.826;14.825;14.831;14.825;247;
53b67587-96eb-4b41-8e0c-d2e3c0bdd234;2025-01-06T09:41:00Z;14.828;14.831;14.831;14.824;324;
53b67587-96eb-4b41-8e0c-d2e3c0bdd234;2025-01-06T09:42:00Z;14.831;14.829;14.832;14.829;77;
53b67587-96eb-4b41-8e0c-d2e3c0bdd234;2025-01-06T09:43:00Z;14.833;14.833;14.833;14.833;13;
53b67587-96eb-4b41-8e0c-d2e3c0bdd234;2025-01-06T09:44:00Z;14.833;14.833;14.835;14.833;226;
53b67587-96eb-4b41-8e0c-d2e3c0bdd234;2025-01-06T09:45:00Z;14.834;14.86;14.86;14.834;1762;
53b67587-96eb-4b41-8e0c-d2e3c0bdd234;2025-01-06T09:46:00Z;14.848;14.861;14.861;14.847;181;
53b67587-96eb-4b41-8e0c-d2e3c0bdd234;2025-01-06T09:47:00Z;14.86;14.86;14.86;14.86;63;
53b67587-96eb-4b41-8e0c-d2e3c0bdd234;2025-01-06T09:48:00Z;14.861;14.867;14.88;14.861;1136;
53b67587-96eb-4b41-8e0c-d2e3c0bdd234;2025-01-06T09:49:00Z;14.87;14.867;14.876;14.867;157;
53b67587-96eb-4b41-8e0c-d2e3c0bdd234;2025-01-06T09:50:00Z;14.87;14.872;14.879;14.87;108;
53b67587-96eb-4b41-8e0c-d2e3c0bdd234;2025-01-06T09:51:00Z;14.877;14.869;14.878;14.86;739;
53b67587-96eb-4b41-8e0c-d2e3c0bdd234;2025-01-06T09:52:00Z;14.86;14.852;14.86;14.85;316;
53b67587-96eb-4b41-8e0c-d2e3c0bdd234;2025-01-06T09:53:00Z;14.852;14.879;14.88;14.852;2204;
53b67587-96eb-4b41-8e0c-d2e3c0bdd234;2025-01-06T09:54:00Z;14.868;14.848;14.868;14.842;687;
53b67587-96eb-4b41-8e0c-d2e3c0bdd234;2025-01-06T09:55:00Z;14.859;14.87;14.87;14.859;171;
53b67587-96eb-4b41-8e0c-d2e3c0bdd234;2025-01-06T09:56:00Z;14.872;14.879;14.879;14.87;144;
53b67587-96eb-4b41-8e0c-d2e3c0bdd234;2025-01-06T09:57:00Z;14.872;14.893;14.901;14.87;5098;
53b67587-96eb-4b41-8e0c-d2e3c0bdd234;2025-01-06T09:58:00Z;14.885;14.879;14.885;14.879;13;
53b67587-96eb-4b41-8e0c-d2e3c0bdd234;2025-01-06T09:59:00Z;14.88;14.875;14.88;14.874;134;
53b67587-96eb-4b41-8e0c-d2e3c0bdd234;2025-01-06T10:00:00Z;14.873;14.872;14.881;14.863;595;
53b67587-96eb-4b41-8e0c-d2e3c0bdd234;2025-01-06T10:01:00Z;14.874;14.874;14.874;14.866;401;
53b67587-96eb-4b41-8e0c-d2e3c0bdd234;2025-01-06T10:02:00Z;14.88;14.875;14.881;14.875;122;
53b67587-96eb-4b41-8e0c-d2e3c0bdd234;2025-01-06T10:03:00Z;14.882;14.884;14.884;14.882;42;
53b67587-96eb-4b41-8e0c-d2e3c0bdd234;2025-01-06T10:04:00Z;14.883;14.874;14.884;14.874;866;
53b67587-96eb-4b41-8e0c-d2e3c0bdd234;2025-01-06T10:05:00Z;14.882;14.88;14.882;14.88;348;
53b67587-96eb-4b41-8e0c-d2e3c0bdd234;2025-01-06T10:06:00Z;14.88;14.881;14.881;14.875;137;
53b67587-96eb-4b41-8e0c-d2e3c0bdd234;2025-01-06T10:07:00Z;14.882;14.88;14.885;14.88;41;
53b67587-96eb-4b41-8e0c-d2e3c0bdd234;2025-01-06T10:08:00Z;14.883;14.879;14.883;14.879;54;
53b67587-96eb-4b41-8e0c-d2e3c0bdd234;2025-01-06T10:09:00Z;14.886;14.905;14.907;14.886;1798;
53b67587-96eb-4b41-8e0c-d2e3c0bdd234;2025-01-06T10:10:00Z;14.904;14.899;14.904;14.899;4;
53b67587-96eb-4b41-8e0c-d2e3c0bdd234;2025-01-06T10:11:00Z;14.893;14.89;14.893;14.89;15;
53b67587-96eb-4b41-8e0c-d2e3c0bdd234;2025-01-06T10:12:00Z;14.892;14.89;14.892;14.884;1204;
53b67587-96eb-4b41-8e0c-d2e3c0bdd234;2025-01-06T10:13:00Z;14.895;14.894;14.9;14.894;181;
53b67587-96eb-4b41-8e0c-d2e3c0bdd234;2025-01-06T10:14:00Z;14.898;14.898;14.898;14.898;25;
53b67587-96eb-4b41-8e0c-d2e3c0bdd234;2025-01-06T10:15:00Z;14.892;14.91;14.914;14.892;523;
53b67587-96eb-4b41-8e0c-d2e3c0bdd234;2025-01-06T10:16:00Z;14.913;14.909;14.913;14.909;8;
53b67587-96eb-4b41-8e0c-d2e3c0bdd234;2025-01-06T10:18:00Z;14.907;14.905;14.907;14.901;7;
53b67587-96eb-4b41-8e0c-d2e3c0bdd234;2025-01-06T10:19:00Z;14.905;14.904;14.905;14.902;7;
53b67587-96eb-4b41-8e0c-d2e3c0bdd234;2025-01-06T10:20:00Z;14.902;14.891;14.902;14.889;75;
53b67587-96eb-4b41-8e0c-d2e3c0bdd234;2025-01-06T10:21:00Z;14.897;14.896;14.897;14.896;12;
53b67587-96eb-4b41-8e0c-d2e3c0bdd234;2025-01-06T10:22:00Z;14.896;14.885;14.896;14.885;144;
53b67587-96eb-4b41-8e0c-d2e3c0bdd234;2025-01-06T10:23:00Z;14.891;14.891;14.891;14.89;22;
53b67587-96eb-4b41-8e0c-d2e3c0bdd234;2025-01-06T10:24:00Z;14.897;14.892;14.897;14.892;51;
53b67587-96eb-4b41-8e0c-d2e3c0bdd234;2025-01-06T10:25:00Z;14.897;14.891;14.897;14.891;16;
53b67587-96eb-4b41-8e0c-d2e3c0bdd234;2025-01-06T10:26:00Z;14.896;14.901;14.902;14.896;418;
53b67587-96eb-4b41-8e0c-d2e3c0bdd234;2025-01-06T10:27:00Z;14.901;14.897;14.901;14.897;236;
53b67587-96eb-4b41-8e0c-d2e3c0bdd234;2025-01-06T10:28:00Z;14.891;14.888;14.891;14.888;142;
53b67587-96eb-4b41-8e0c-d2e3c0bdd234;2025-01-06T10:29:00Z;14.889;14.89;14.89;14.889;35;
53b67587-96eb-4b41-8e0c-d2e3c0bdd234;2025-01-06T10:31:00Z;14.893;14.896;14.896;14.89;17;
53b67587-96eb-4b41-8e0c-d2e3c0bdd234;2025-01-06T10:32:00Z;14.889;14.875;14.889;14.875;1186;
53b67587-96eb-4b41-8e0c-d2e3c0bdd234;2025-01-06T10:33:00Z;14.877;14.876;14.884;14.876;270;
53b67587-96eb-4b41-8e0c-d2e3c0bdd234;2025-01-06T10:34:00Z;14.877;14.876;14.885;14.876;9;
53b67587-96eb-4b41-8e0c-d2e3c0bdd234;2025-01-06T10:35:00Z;14.877;14.885;14.885;14.875;29;
53b67587-96eb-4b41-8e0c-d2e3c0bdd234;2025-01-06T10:36:00Z;14.884;14.884;14.884;14.884;1;
53b67587-96eb-4b41-8e0c-d2e3c0bdd234;2025-01-06T10:37:00Z;14.878;14.878;14.878;14.878;6;
53b67587-96eb-4b41-8e0c-d2e3c0bdd234;2025-01-06T10:39:00Z;14.882;14.882;14.882;14.882;3;
53b67587-96eb-4b41-8e0c-d2e3c0bdd234;2025-01-06T10:40:00Z;14.882;14.88;14.891;14.88;44;
53b67587-96eb-4b41-8e0c-d2e3c0bdd234;2025-01-06T10:41:00Z;14.881;14.88;14.881;14.88;3;
53b67587-96eb-4b41-8e0c-d2e3c0bdd234;2025-01-06T10:42:00Z;14.884;14.884;14.884;14.884;1;
53b67587-96eb-4b41-8e0c-d2e3c0bdd234;2025-01-06T10:43:00Z;14.885;14.894;14.894;14.885;66;
53b67587-96eb-4b41-8e0c-d2e3c0bdd234;2025-01-06T10:44:00Z;14.889;14.889;14.889;14.881;16;
53b67587-96eb-4b41-8e0c-d2e3c0bdd234;2025-01-06T10:45:00Z;14.887;14.882;14.887;14.882;2;
53b67587-96eb-4b41-8e0c-d2e3c0bdd234;2025-01-06T10:47:00Z;14.883;14.896;14.896;14.882;1114;
53b67587-96eb-4b41-8e0c-d2e3c0bdd234;2025-01-06T10:48:00Z;14.894;14.894;14.894;14.894;1;
53b67587-96eb-4b41-8e0c-d2e3c0bdd234;2025-01-06T10:49:00Z;14.894;14.893;14.894;14.893;81;
53b67587-96eb-4b41-8e0c-d2e3c0bdd234;2025-01-06T10:50:00Z;14.885;14.885;14.885;14.885;22;
53b67587-96eb-4b41-8e0c-d2e3c0bdd234;2025-01-06T10:51:00Z;14.883;14.882;14.883;14.882;8;
53b67587-96eb-4b41-8e0c-d2e3c0bdd234;2025-01-06T10:52:00Z;14.884;14.883;14.884;14.883;11;
53b67587-96eb-4b41-8e0c-d2e3c0bdd234;2025-01-06T10:53:00Z;14.884;14.883;14.884;14.882;106;
53b67587-96eb-4b41-8e0c-d2e3c0bdd234;2025-01-06T10:54:00Z;14.883;14.879;14.883;14.879;263;
53b67587-96eb-4b41-8e0c-d2e3c0bdd234;2025-01-06T10:55:00Z;14.877;14.876;14.877;14.875;109;
53b67587-96eb-4b41-8e0c-d2e3c0bdd234;2025-01-06T10:56:00Z;14.88;14.88;14.88;14.88;3;
53b67587-96eb-4b41-8e0c-d2e3c0bdd234;2025-01-06T10:58:00Z;14.88;14.88;14.881;14.88;408;
53b67587-96eb-4b41-8e0c-d2e3c0bdd234;2025-01-06T10:59:00Z;14.879;14.879;14.879;14.879;7;
53b67587-96eb-4b41-8e0c-d2e3c0bdd234;2025-01-06T11:00:00Z;14.88;14.878;14.88;14.878;310;
53b67587-96eb-4b41-8e0c-d2e3c0bdd234;2025-01-06T11:01:00Z;14.88;14.88;14.88;14.88;352;
53b67587-96eb-4b41-8e0c-d2e3c0bdd234;2025-01-06T11:02:00Z;14.881;14.879;14.881;14.879;89;
53b67587-96eb-4b41-8e0c-d2e3c0bdd234;2025-01-06T11:03:00Z;14.878;14.891;14.891;14.878;126;
53b67587-96eb-4b41-8e0c-d2e3c0bdd234;2025-01-06T11:04:00Z;14.892;14.896;14.896;14.885;109;
53b67587-96eb-4b41-8e0c-d2e3c0bdd234;2025-01-06T11:05:00Z;14.898;14.889;14.9;14.889;25;
53b67587-96eb-4b41-8e0c-d2e3c0bdd234;2025-01-06T11:06:00Z;14.889;14.889;14.889;14.889;2;
53b67587-96eb-4b41-8e0c-d2e3c0bdd234;2025-01-06T11:07:00Z;14.892;14.889;14.9;14.889;598;
53b67587-96eb-4b41-8e0c-d2e3c0bdd234;2025-01-06T11:08:00Z;14.888;14.885;14.888;14.885;62;
53b67587-96eb-4b41-8e0c-d2e3c0bdd234;2025-01-06T11:09:00Z;14.894;14.884;14.899;14.884;195;
53b67587-96eb-4b41-8e0c-d2e3c0bdd234;2025-01-06T11:10:00Z;14.883;14.883;14.884;14.883;114;
53b67587-96eb-4b41-8e0c-d2e3c0bdd234;2025-01-06T11:11:00Z;14.882;14.881;14.882;14.881;24;
53b67587-96eb-4b41-8e0c-d2e3c0bdd234;2025-01-06T11:12:00Z;14.881;14.881;14.881;14.881;13;
53b67587-96eb-4b41-8e0c-d2e3c0bdd234;2025-01-06T11:13:00Z;14.881;14.887;14.889;14.881;97;
53b67587-96eb-4b41-8e0c-d2e3c0bdd234;2025-01-06T11:14:00Z;14.887;14.886;14.891;14.886;13;
53b67587-96eb-4b41-8e0c-d2e3c0bdd234;2025-01-06T11:15:00Z;14.889;14.89;14.89;14.889;6;
53b67587-96eb-4b41-8e0c-d2e3c0bdd234;2025-01-06T11:16:00Z;14.886;14.886;14.886;14.886;15;
53b67587-96eb-4b41-8e0c-d2e3c0bdd234;2025-01-06T11:17:00Z;14.886;14.89;14.89;14.886;100;
53b67587-96eb-4b41-8e0c-d2e3c0bdd234;2025-01-06T11:18:00Z;14.89;14.891;14.901;14.89;437;
53b67587-96eb-4b41-8e0c-d2e3c0bdd234;2025-01-06T11:19:00Z;14.901;14.9;14.901;14.9;2;
53b67587-96eb-4b41-8e0c-d2e3c0bdd234;2025-01-06T11:20:00Z;14.9;14.901;14.903;14.9;636;
53b67587-96eb-4b41-8e0c-d2e3c0bdd234;2025-01-06T11:21:00Z;14.903;14.903;14.903;14.899;117;
53b67587-96eb-4b41-8e0c-d2e3c0bdd234;2025-01-06T11:22:00Z;14.901;14.898;14.901;14.898;2;
53b67587-96eb-4b41-8e0c-d2e3c0bdd234;2025-01-06T11:23:00Z;14.9;14.896;14.9;14.896;11;
53b67587-96eb-4b41-8e0c-d2e3c0bdd234;2025-01-06T11:24:00Z;14.896;14.891;14.896;14.89;411;
53b67587-96eb-4b41-8e0c-d2e3c0bdd234;2025-01-06T11:25:00Z;14.897;14.9;14.9;14.897;711;
53b67587-96eb-4b41-8e0c-d2e3c0bdd234;2025-01-06T11:28:00Z;14.893;14.89;14.893;14.89;38;
53b67587-96eb-4b41-8e0c-d2e3c0bdd234;2025-01-06T11:30:00Z;14.9;14.9;14.9;14.9;2;
53b67587-96eb-4b41-8e0c-d2e3c0bdd234;2025-01-06T11:31:00Z;14.9;14.9;14.9;14.9;1;
53b67587-96eb-4b41-8e0c-d2e3c0bdd234;2025-01-06T11:32:00Z;14.9;14.896;14.9;14.895;115;
53b67587-96eb-4b41-8e0c-d2e3c0bdd234;2025-01-06T11:33:00Z;14.898;14.898;14.898;14.898;7;
53b67587-96eb-4b41-8e0c-d2e3c0bdd234;2025-01-06T11:34:00Z;14.898;14.9;14.9;14.898;2;
53b67587-96eb-4b41-8e0c-d2e3c0bdd234;2025-01-06T11:35:00Z;14.898;14.901;14.901;14.897;72;
53b67587-96eb-4b41-8e0c-d2e3c0bdd234;2025-01-06T11:36:00Z;14.9;14.901;14.901;14.9;63;
53b67587-96eb-4b41-8e0c-d2e3c0bdd234;2025-01-06T11:37:00Z;14.899;14.895;14.906;14.895;317;
53b67587-96eb-4b41-8e0c-d2e3c0bdd234;2025-01-06T11:38:00Z;14.895;14.906;14.906;14.894;327;
53b67587-96eb-4b41-8e0c-d2e3c0bdd234;2025-01-06T11:39:00Z;14.9;14.895;14.9;14.895;5;
53b67587-96eb-4b41-8e0c-d2e3c0bdd234;2025-01-06T11:40:00Z;14.9;14.901;14.901;14.9;4;
53b67587-96eb-4b41-8e0c-d2e3c0bdd234;2025-01-06T11:42:00Z;14.903;14.912;14.912;14.902;403;
53b67587-96eb-4b41-8e0c-d2e3c0bdd234;2025-01-06T11:43:00Z;14.914;14.922;14.935;14.914;1753;
53b67587-96eb-4b41-8e0c-d2e3c0bdd234;2025-01-06T11:44:00Z;14.925;14.941;14.941;14.925;1093;
53b67587-96eb-4b41-8e0c-d2e3c0bdd234;2025-01-06T11:45:00Z;14.942;14.941;14.944;14.94;758;
53b67587-96eb-4b41-8e0c-d2e3c0bdd234;2025-01-06T11:46:00Z;14.94;14.94;14.941;14.938;482;
53b67587-96eb-4b41-8e0c-d2e3c0bdd234;2025-01-06T11:47:00Z;14.938;14.921;14.938;14.92;86;
53b67587-96eb-4b41-8e0c-d2e3c0bdd234;2025-01-06T11:48:00Z;14.92;14.92;14.92;14.92;10;
53b67587-96eb-4b41-8e0c-d2e3c0bdd234;2025-01-06T11:49:00Z;14.921;14.921;14.921;14.921;2;
53b67587-96eb-4b41-8e0c-d2e3c0bdd234;2025-01-06T11:50:00Z;14.921;14.918;14.921;14.918;14;
53b67587-96eb-4b41-8e0c-d2e3c0bdd234;2025-01-06T11:52:00Z;14.916;14.914;14.916;14.914;186;
53b67587-96eb-4b41-8e0c-d2e3c0bdd234;2025-01-06T11:53:00Z;14.915;14.915;14.917;14.913;1048;
53b67587-96eb-4b41-8e0c-d2e3c0bdd234;2025-01-06T11:54:00Z;14.909;14.906;14.909;14.906;48;
53b67587-96eb-4b41-8e0c-d2e3c0bdd234;2025-01-06T11:56:00Z;14.901;14.902;14.902;14.9;10;
53b67587-96eb-4b41-8e0c-d2e3c0bdd234;2025-01-06T11:58:00Z;14.911;14.914;14.914;14.911;77;
53b67587-96eb-4b41-8e0c-d2e3c0bdd234;2025-01-06T11:59:00Z;14.914;14.919;14.919;14.914;453;
53b67587-96eb-4b41-8e0c-d2e3c0bdd234;2025-01-06T12:00:00Z;14.919;14.919;14.919;14.919;10;
53b67587-96eb-4b41-8e0c-d2e3c0bdd234;2025-01-06T12:01:00Z;14.916;14.903;14.916;14.903;227;
53b67587-96eb-4b41-8e0c-d2e3c0bdd234;2025-01-06T12:03:00Z;14.909;14.918;14.918;14.909;552;
53b67587-96eb-4b41-8e0c-d2e3c0bdd234;2025-01-06T12:04:00Z;14.912;14.912;14.912;14.912;2;
53b67587-96eb-4b41-8e0c-d2e3c0bdd234;2025-01-06T12:05:00Z;14.911;14.911;14.911;14.911;12;
53b67587-96eb-4b41-8e0c-d2e3c0bdd234;2025-01-06T12:06:00Z;14.919;14.923;14.923;14.914;249;
53b67587-96eb-4b41-8e0c-d2e3c0bdd234;2025-01-06T12:07:00Z;14.92;14.918;14.92;14.909;122;
53b67587-96eb-4b41-8e0c-d2e3c0bdd234;2025-01-06T12:08:00Z;14.909;14.909;14.909;14.909;36;
53b67587-96eb-4b41-8e0c-d2e3c0bdd234;2025-01-06T12:09:00Z;14.905;14.907;14.907;14.904;23;
53b67587-96eb-4b41-8e0c-d2e3c0bdd234;2025-01-06T12:10:00Z;14.906;14.918;14.918;14.906;31;
53b67587-96eb-4b41-8e0c-d2e3c0bdd234;2025-01-06T12:11:00Z;14.919;14.924;14.924;14.919;126;
53b67587-96eb-4b41-8e0c-d2e3c0bdd234;2025-01-06T12:12:00Z;14.923;14.928;14.928;14.918;1386;
53b67587-96eb-4b41-8e0c-d2e3c0bdd234;2025-01-06T12:13:00Z;14.929;14.95;14.958;14.929;2771;
53b67587-96eb-4b41-8e0c-d2e3c0bdd234;2025-01-06T12:14:00Z;14.947;14.949;14.95;14.947;74;
53b67587-96eb-4b41-8e0c-d2e3c0bdd234;2025-01-06T12:15:00Z;14.95;14.95;14.951;14.95;72;
53b67587-96eb-4b41-8e0c-d2e3c0bdd234;2025-01-06T12:16:00Z;14.951;14.955;14.968;14.945;2409;
53b67587-96eb-4b41-8e0c-d2e3c0bdd234;2025-01-06T12:17:00Z;14.955;14.955;14.955;14.945;202;
53b67587-96eb-4b41-8e0c-d2e3c0bdd234;2025-01-06T12:18:00Z;14.947;14.958;14.958;14.945;1206;
53b67587-96eb-4b41-8e0c-d2e3c0bdd234;2025-01-06T12:19:00Z;14.959;14.944;14.959;14.944;1379;
53b67587-96eb-4b41-8e0c-d2e3c0bdd234;2025-01-06T12:20:00Z;14.945;14.945;14.947;14.944;117;
53b67587-96eb-4b41-8e0c-d2e3c0bdd234;2025-01-06T12:21:00Z;14.945;14.945;14.947;14.945;30;
53b67587-96eb-4b41-8e0c-d2e3c0bdd234;2025-01-06T12:22:00Z;14.945;14.945;14.949;14.945;111;
53b67587-96eb-4b41-8e0c-d2e3c0bdd234;2025-01-06T12:23:00Z;14.946;14.943;14.946;14.943;835;
53b67587-96eb-4b41-8e0c-d2e3c0bdd234;2025-01-06T12:24:00Z;14.945;14.936;14.947;14.936;82;
53b67587-96eb-4b41-8e0c-d2e3c0bdd234;2025-01-06T12:25:00Z;14.936;14.934;14.936;14.933;50;
53b67587-96eb-4b41-8e0c-d2e3c0bdd234;2025-01-06T12:26:00Z;14.935;14.915;14.935;14.915;3160;
53b67587-96eb-4b41-8e0c-d2e3c0bdd234;2025-01-06T12:28:00Z;14.918;14.923;14.923;14.914;515;
53b67587-96eb-4b41-8e0c-d2e3c0bdd234;2025-01-06T12:29:00Z;14.921;14.915;14.921;14.915;45;
53b67587-96eb-4b41-8e0c-d2e3c0bdd234;2025-01-06T12:30:00Z;14.918;14.918;14.918;14.918;3;
53b67587-96eb-4b41-8e0c-d2e3c0bdd234;2025-01-06T12:31:00Z;14.923;14.917;14.923;14.917;6;
53b67587-96eb-4b41-8e0c-d2e3c0bdd234;2025-01-06T12:32:00Z;14.916;14.915;14.918;14.915;60;
53b67587-96eb-4b41-8e0c-d2e3c0bdd234;2025-01-06T12:33:00Z;14.916;14.922;14.922;14.915;245;
53b67587-96eb-4b41-8e0c-d2e3c0bdd234;2025-01-06T12:35:00Z;14.919;14.921;14.921;14.919;17;
53b67587-96eb-4b41-8e0c-d2e3c0bdd234;2025-01-06T12:36:00Z;14.922;14.931;14.931;14.922;89;
53b67587-96eb-4b41-8e0c-d2e3c0bdd234;2025-01-06T12:37:00Z;14.936;14.935;14.94;14.935;217;
53b67587-96eb-4b41-8e0c-d2e3c0bdd234;2025-01-06T12:38:00Z;14.935;14.935;14.935;14.935;4;
53b67587-96eb-4b41-8e0c-d2e3c0bdd234;2025-01-06T12:39:00Z;14.938;14.935;14.939;14.925;373;
53b67587-96eb-4b41-8e0c-d2e3c0bdd234;2025-01-06T12:40:00Z;14.926;14.935;14.935;14.925;60;
53b67587-96eb-4b41-8e0c-d2e3c0bdd234;2025-01-06T12:41:00Z;14.926;14.925;14.926;14.925;3;
53b67587-96eb-4b41-8e0c-d2e3c0bdd234;2025-01-06T12:42:00Z;14.921;14.921;14.921;14.921;1;
53b67587-96eb-4b41-8e0c-d2e3c0bdd234;2025-01-06T12:43:00Z;14.921;14.918;14.921;14.918;11;
53b67587-96eb-4b41-8e0c-d2e3c0bdd234;2025-01-06T12:45:00Z;14.919;14.923;14.923;14.917;230;
53b67587-96eb-4b41-8e0c-d2e3c0bdd234;2025-01-06T12:46:00Z;14.918;14.916;14.918;14.916;51;
53b67587-96eb-4b41-8e0c-d2e3c0bdd234;2025-01-06T12:47:00Z;14.917;14.923;14.923;14.916;318;
53b67587-96eb-4b41-8e0c-d2e3c0bdd234;2025-01-06T12:49:00Z;14.92;14.92;14.92;14.92;3;
53b67587-96eb-4b41-8e0c-d2e3c0bdd234;2025-01-06T12:50:00Z;14.921;14.921;14.922;14.921;11;
53b67587-96eb-4b41-8e0c-d2e3c0bdd234;2025-01-06T12:51:00Z;14.919;14.922;14.922;14.919;50;
53b67587-96eb-4b41-8e0c-d2e3c0bdd234;2025-01-06T12:52:00Z;14.922;14.917;14.922;14.917;48;
53b67587-96eb-4b41-8e0c-d2e3c0bdd234;2025-01-06T12:53:00Z;14.916;14.921;14.921;14.915;232;
53b67587-96eb-4b41-8e0c-d2e3c0bdd234;2025-01-06T12:54:00Z;14.916;14.921;14.921;14.916;15;
53b67587-96eb-4b41-8e0c-d2e3c0bdd234;2025-01-06T12:55:00Z;14.921;14.915;14.922;14.915;442;
53b67587-96eb-4b41-8e0c-d2e3c0bdd234;2025-01-06T12:56:00Z;14.916;14.916;14.916;14.915;49;
53b67587-96eb-4b41-8e0c-d2e3c0bdd234;2025-01-06T12:57:00Z;14.916;14.92;14.921;14.914;49;
53b67587-96eb-4b41-8e0c-d2e3c0bdd234;2025-01-06T12:58:00Z;14.922;14.916;14.922;14.916;4;
53b67587-96eb-4b41-8e0c-d2e3c0bdd234;2025-01-06T12:59:00Z;14.916;14.922;14.922;14.916;24;
53b67587-96eb-4b41-8e0c-d2e3c0bdd234;2025-01-06T13:00:00Z;14.918;14.913;14.918;14.913;310;
53b67587-96eb-4b41-8e0c-d2e3c0bdd234;2025-01-06T13:01:00Z;14.921;14.913;14.921;14.913;9;
53b67587-96eb-4b41-8e0c-d2e3c0bdd234;2025-01-06T13:02:00Z;14.914;14.889;14.914;14.884;3607;
53b67587-96eb-4b41-8e0c-d2e3c0bdd234;2025-01-06T13:03:00Z;14.899;14.891;14.899;14.891;291;
53b67587-96eb-4b41-8e0c-d2e3c0bdd234;2025-01-06T13:04:00Z;14.898;14.896;14.907;14.889;481;
53b67587-96eb-4b41-8e0c-d2e3c0bdd234;2025-01-06T13:05:00Z;14.897;14.908;14.908;14.893;51;
53b67587-96eb-4b41-8e0c-d2e3c0bdd234;2025-01-06T13:06:00Z;14.9;14.902;14.902;14.893;46;
53b67587-96eb-4b41-8e0c-d2e3c0bdd234;2025-01-06T13:07:00Z;14.895;14.918;14.919;14.895;268;
53b67587-96eb-4b41-8e0c-d2e3c0bdd234;2025-01-06T13:08:00Z;14.92;14.904;14.92;14.904;16;
53b67587-96eb-4b41-8e0c-d2e3c0bdd234;2025-01-06T13:09:00Z;14.913;14.913;14.913;14.913;5;
53b67587-96eb-4b41-8e0c-d2e3c0bdd234;2025-01-06T13:10:00Z;14.915;14.915;14.915;14.915;1;
53b67587-96eb-4b41-8e0c-d2e3c0bdd234;2025-01-06T13:11:00Z;14.913;14.901;14.913;14.901;108;
53b67587-96eb-4b41-8e0c-d2e3c0bdd234;2025-01-06T13:12:00Z;14.9;14.893;14.9;14.893;40;
53b67587-96eb-4b41-8e0c-d2e3c0bdd234;2025-01-06T13:16:00Z;14.898;14.893;14.9;14.893;286;
53b67587-96eb-4b41-8e0c-d2e3c0bdd234;2025-01-06T13:17:00Z;14.891;14.888;14.891;14.878;1068;
53b67587-96eb-4b41-8e0c-d2e3c0bdd234;2025-01-06T13:18:00Z;14.89;14.893;14.893;14.886;493;
53b67587-96eb-4b41-8e0c-d2e3c0bdd234;2025-01-06T13:19:00Z;14.895;14.9;14.9;14.895;2;
53b67587-96eb-4b41-8e0c-d2e3c0bdd234;2025-01-06T13:21:00Z;14.9;14.909;14.909;14.9;93;
53b67587-96eb-4b41-8e0c-d2e3c0bdd234;2025-01-06T13:22:00Z;14.903;14.902;14.903;14.902;10;
53b67587-96eb-4b41-8e0c-d2e3c0bdd234;2025-01-06T13:23:00Z;14.904;14.909;14.909;14.904;79;
53b67587-96eb-4b41-8e0c-d2e3c0bdd234;2025-01-06T13:24:00Z;14.914;14.905;14.924;14.905;427;
53b67587-96eb-4b41-8e0c-d2e3c0bdd234;2025-01-06T13:25:00Z;14.906;14.909;14.909;14.906;20;
53b67587-96eb-4b41-8e0c-d2e3c0bdd234;2025-01-06T13:26:00Z;14.907;14.905;14.907;14.905;3;
53b67587-96eb-4b41-8e0c-d2e3c0bdd234;2025-01-06T13:27:00Z;14.907;14.912;14.913;14.905;30;
53b67587-96eb-4b41-8e0c-d2e3c0bdd234;2025-01-06T13:28:00Z;14.913;14.912;14.913;14.912;2;
53b67587-96eb-4b41-8e0c-d2e3c0bdd234;2025-01-06T13:29:00Z;14.914;14.914;14.914;14.912;11;
53b67587-96eb-4b41-8e0c-d2e3c0bdd234;2025-01-06T13:31:00Z;14.912;14.911;14.912;14.911;5;
53b67587-96eb-4b41-8e0c-d2e3c0bdd234;2025-01-06T13:32:00Z;14.911;14.922;14.922;14.909;743;
53b67587-96eb-4b41-8e0c-d2e3c0bdd234;2025-01-06T13:33:00Z;14.924;14.925;14.925;14.922;195;
53b67587-96eb-4b41-8e0c-d2e3c0bdd234;2025-01-06T13:34:00Z;14.925;14.925;14.925;14.925;1;
53b67587-96eb-4b41-8e0c-d2e3c0bdd234;2025-01-06T13:35:00Z;14.922;14.909;14.922;14.909;23;
53b67587-96eb-4b41-8e0c-d2e3c0bdd234;2025-01-06T13:37:00Z;14.919;14.924;14.924;14.919;715;
53b67587-96eb-4b41-8e0c-d2e3c0bdd234;2025-01-06T13:40:00Z;14.918;14.918;14.918;14.918;3;
53b67587-96eb-4b41-8e0c-d2e3c0bdd234;2025-01-06T13:41:00Z;14.921;14.922;14.922;14.913;40;
53b67587-96eb-4b41-8e0c-d2e3c0bdd234;2025-01-06T13:42:00Z;14.914;14.916;14.92;14.914;14;
53b67587-96eb-4b41-8e0c-d2e3c0bdd234;2025-01-06T13:43:00Z;14.92;14.92;14.92;14.92;26;
53b67587-96eb-4b41-8e0c-d2e3c0bdd234;2025-01-06T13:44:00Z;14.92;14.93;14.93;14.92;1226;
53b67587-96eb-4b41-8e0c-d2e3c0bdd234;2025-01-06T13:45:00Z;14.93;14.93;14.932;14.926;14;
53b67587-96eb-4b41-8e0c-d2e3c0bdd234;2025-01-06T13:46:00Z;14.932;14.932;14.932;14.932;50;
53b67587-96eb-4b41-8e0c-d2e3c0bdd234;2025-01-06T13:47:00Z;14.932;14.932;14.932;14.932;10;
53b67587-96eb-4b41-8e0c-d2e3c0bdd234;2025-01-06T13:48:00Z;14.93;14.93;14.93;14.93;3;
53b67587-96eb-4b41-8e0c-d2e3c0bdd234;2025-01-06T13:49:00Z;14.93;14.93;14.93;14.93;5;
53b67587-96eb-4b41-8e0c-d2e3c0bdd234;2025-01-06T13:51:00Z;14.93;14.929;14.93;14.929;14;
53b67587-96eb-4b41-8e0c-d2e3c0bdd234;2025-01-06T13:52:00Z;14.929;14.929;14.929;14.929;3;
53b67587-96eb-4b41-8e0c-d2e3c0bdd234;2025-01-06T13:53:00Z;14.921;14.918;14.921;14.918;110;
53b67587-96eb-4b41-8e0c-d2e3c0bdd234;2025-01-06T13:54:00Z;14.916;14.93;14.93;14.916;205;
53b67587-96eb-4b41-8e0c-d2e3c0bdd234;2025-01-06T13:56:00Z;14.925;14.924;14.925;14.924;10;
53b67587-96eb-4b41-8e0c-d2e3c0bdd234;2025-01-06T13:57:00Z;14.93;14.931;14.931;14.93;6;
53b67587-96eb-4b41-8e0c-d2e3c0bdd234;2025-01-06T13:58:00Z;14.931;14.932;14.932;14.931;209;
53b67587-96eb-4b41-8e0c-d2e3c0bdd234;2025-01-06T13:59:00Z;14.932;14.932;14.932;14.932;103;
53b67587-96eb-4b41-8e0c-d2e3c0bdd234;2025-01-06T14:00:00Z;14.932;14.932;14.932;14.932;160;
53b67587-96eb-4b41-8e0c-d2e3c0bdd234;2025-01-06T14:01:00Z;14.932;14.932;14.932;14.929;33;
53b67587-96eb-4b41-8e0c-d2e3c0bdd234;2025-01-06T14:02:00Z;14.932;14.922;14.932;14.914;1875;
53b67587-96eb-4b41-8e0c-d2e3c0bdd234;2025-01-06T14:04:00Z;14.924;14.925;14.925;14.924;4;
53b67587-96eb-4b41-8e0c-d2e3c0bdd234;2025-01-06T14:05:00Z;14.925;14.932;14.932;14.925;23;
53b67587-96eb-4b41-8e0c-d2e3c0bdd234;2025-01-06T14:06:00Z;14.934;14.929;14.934;14.929;260;
53b67587-96eb-4b41-8e0c-d2e3c0bdd234;2025-01-06T14:07:00Z;14.929;14.929;14.929;14.928;5;
53b67587-96eb-4b41-8e0c-d2e3c0bdd234;2025-01-06T14:08:00Z;14.928;14.923;14.932;14.923;94;
53b67587-96eb-4b41-8e0c-d2e3c0bdd234;2025-01-06T14:09:00Z;14.928;14.93;14.93;14.928;48;
53b67587-96eb-4b41-8e0c-d2e3c0bdd234;2025-01-06T14:10:00Z;14.929;14.943;14.943;14.929;1226;
53b67587-96eb-4b41-8e0c-d2e3c0bdd234;2025-01-06T14:11:00Z;14.944;14.947;14.947;14.943;211;
53b67587-96eb-4b41-8e0c-d2e3c0bdd234;2025-01-06T14:12:00Z;14.947;14.947;14.947;14.946;244;
53b67587-96eb-4b41-8e0c-d2e3c0bdd234;2025-01-06T14:13:00Z;14.947;14.945;14.96;14.945;1469;
53b67587-96eb-4b41-8e0c-d2e3c0bdd234;2025-01-06T14:14:00Z;14.945;14.945;14.945;14.945;227;
53b67587-96eb-4b41-8e0c-d2e3c0bdd234;2025-01-06T14:15:00Z;14.945;14.941;14.951;14.941;82;
53b67587-96eb-4b41-8e0c-d2e3c0bdd234;2025-01-06T14:16:00Z;14.941;14.951;14.951;14.941;16;
53b67587-96eb-4b41-8e0c-d2e3c0bdd234;2025-01-06T14:18:00Z;14.94;14.939;14.94;14.939;9;
53b67587-96eb-4b41-8e0c-d2e3c0bdd234;2025-01-06T14:19:00Z;14.936;14.936;14.936;14.936;2;
53b67587-96eb-4b41-8e0c-d2e3c0bdd234;2025-01-06T14:20:00Z;14.939;14.939;14.939;14.939;1;
53b67587-96eb-4b41-8e0c-d2e3c0bdd234;2025-01-06T14:21:00Z;14.939;14.949;14.949;14.938;109;
53b67587-96eb-4b41-8e0c-d2e3c0bdd234;2025-01-06T14:22:00Z;14.95;14.953;14.954;14.949;524;
53b67587-96eb-4b41-8e0c-d2e3c0bdd234;2025-01-06T14:23:00Z;14.954;14.953;14.954;14.953;3;
53b67587-96eb-4b41-8e0c-d2e3c0bdd234;2025-01-06T14:24:00Z;14.948;14.956;14.958;14.948;322;
53b67587-96eb-4b41-8e0c-d2e3c0bdd234;2025-01-06T14:25:00Z;14.955;14.956;14.956;14.955;149;
53b67587-96eb-4b41-8e0c-d2e3c0bdd234;2025-01-06T14:26:00Z;14.956;14.956;14.958;14.956;13;
53b67587-96eb-4b41-8e0c-d2e3c0bdd234;2025-01-06T14:27:00Z;14.956;14.95;14.956;14.95;263;
53b67587-96eb-4b41-8e0c-d2e3c0bdd234;2025-01-06T14:28:00Z;14.944;14.944;14.944;14.944;5;
53b67587-96eb-4b41-8e0c-d2e3c0bdd234;2025-01-06T14:29:00Z;14.945;14.945;14.945;14.945;5;
53b67587-96eb-4b41-8e0c-d2e3c0bdd234;2025-01-06T14:30:00Z;14.944;14.95;14.95;14.944;4;
53b67587-96eb-4b41-8e0c-d2e3c0bdd234;2025-01-06T14:31:00Z;14.945;14.945;14.945;14.945;175;
53b67587-96eb-4b41-8e0c-d2e3c0bdd234;2025-01-06T14:32:00Z;14.942;14.942;14.942;14.942;3;
53b67587-96eb-4b41-8e0c-d2e3c0bdd234;2025-01-06T14:33:00Z;14.945;14.945;14.945;14.944;40;
53b67587-96eb-4b41-8e0c-d2e3c0bdd234;2025-01-06T14:34:00Z;14.945;14.933;14.945;14.933;68;
53b67587-96eb-4b41-8e0c-d2e3c0bdd234;2025-01-06T14:35:00Z;14.944;14.945;14.945;14.944;22;
53b67587-96eb-4b41-8e0c-d2e3c0bdd234;2025-01-06T14:36:00Z;14.945;14.944;14.945;14.944;42;
53b67587-96eb-4b41-8e0c-d2e3c0bdd234;2025-01-06T14:37:00Z;14.944;14.956;14.956;14.944;532;
53b67587-96eb-4b41-8e0c-d2e3c0bdd234;2025-01-06T14:38:00Z;14.957;14.959;14.959;14.957;252;
53b67587-96eb-4b41-8e0c-d2e3c0bdd234;2025-01-06T14:39:00Z;14.955;14.957;14.963;14.955;492;
53b67587-96eb-4b41-8e0c-d2e3c0bdd234;2025-01-06T14:40:00Z;14.956;14.975;14.975;14.956;2877;
53b67587-96eb-4b41-8e0c-d2e3c0bdd234;2025-01-06T14:41:00Z;14.975;15.052;15.058;14.975;9558;
53b67587-96eb-4b41-8e0c-d2e3c0bdd234;2025-01-06T14:42:00Z;15.052;15.057;15.067;15.033;1780;
53b67587-96eb-4b41-8e0c-d2e3c0bdd234;2025-01-06T14:43:00Z;15.054;15.053;15.059;15.05;1791;
53b67587-96eb-4b41-8e0c-d2e3c0bdd234;2025-01-06T14:44:00Z;15.052;15.059;15.075;15.05;1999;
53b67587-96eb-4b41-8e0c-d2e3c0bdd234;2025-01-06T14:45:00Z;15.059;15.057;15.068;15.054;662;
53b67587-96eb-4b41-8e0c-d2e3c0bdd234;2025-01-06T14:46:00Z;15.057;15.061;15.067;15.057;176;
53b67587-96eb-4b41-8e0c-d2e3c0bdd234;2025-01-06T14:47:00Z;15.059;15.066;15.066;15.059;235;
53b67587-96eb-4b41-8e0c-d2e3c0bdd234;2025-01-06T14:48:00Z;15.066;15.062;15.066;15.061;117;
53b67587-96eb-4b41-8e0c-d2e3c0bdd234;2025-01-06T14:49:00Z;15.062;15.063;15.063;15.06;508;
53b67587-96eb-4b41-8e0c-d2e3c0bdd234;2025-01-06T14:50:00Z;15.063;15.06;15.063;15.06;655;
53b67587-96eb-4b41-8e0c-d2e3c0bdd234;2025-01-06T14:51:00Z;15.053;15.044;15.055;15.044;117;
53b67587-96eb-4b41-8e0c-d2e3c0bdd234;2025-01-06T14:52:00Z;15.047;15.04;15.047;15.02;2432;
53b67587-96eb-4b41-8e0c-d2e3c0bdd234;2025-01-06T14:53:00Z;15.038;15.035;15.038;15.035;48;
53b67587-96eb-4b41-8e0c-d2e3c0bdd234;2025-01-06T14:54:00Z;15.035;15.033;15.035;15.029;99;
53b67587-96eb-4b41-8e0c-d2e3c0bdd234;2025-01-06T14:55:00Z;15.033;15.028;15.033;15.019;820;
53b67587-96eb-4b41-8e0c-d2e3c0bdd234;2025-01-06T14:56:00Z;15.029;15.022;15.031;15.021;100;
53b67587-96eb-4b41-8e0c-d2e3c0bdd234;2025-01-06T14:57:00Z;15.022;15.022;15.022;15.022;18;
53b67587-96eb-4b41-8e0c-d2e3c0bdd234;2025-01-06T14:58:00Z;15.011;15.001;15.013;14.984;2143;
53b67587-96eb-4b41-8e0c-d2e3c0bdd234;2025-01-06T14:59:00Z;15.005;15.002;15.005;15.002;59;
53b67587-96eb-4b41-8e0c-d2e3c0bdd234;2025-01-06T15:00:00Z;15.005;15.024;15.025;15.005;852;
53b67587-96eb-4b41-8e0c-d2e3c0bdd234;2025-01-06T15:01:00Z;15.022;15.003;15.022;15.003;29;
53b67587-96eb-4b41-8e0c-d2e3c0bdd234;2025-01-06T15:02:00Z;15.008;15.014;15.016;15.008;22;
53b67587-96eb-4b41-8e0c-d2e3c0bdd234;2025-01-06T15:03:00Z;15.015;15.015;15.026;15.012;236;
53b67587-96eb-4b41-8e0c-d2e3c0bdd234;2025-01-06T15:04:00Z;15.008;15.001;15.008;15.001;308;
53b67587-96eb-4b41-8e0c-d2e3c0bdd234;2025-01-06T15:05:00Z;15.006;15.008;15.009;15.006;108;
53b67587-96eb-4b41-8e0c-d2e3c0bdd234;2025-01-06T15:06:00Z;15.01;15.007;15.018;15.005;75;
53b67587-96eb-4b41-8e0c-d2e3c0bdd234;2025-01-06T15:07:00Z;15.018;15.023;15.023;15.013;73;
53b67587-96eb-4b41-8e0c-d2e3c0bdd234;2025-01-06T15:08:00Z;15.025;15.028;15.028;15.025;3;
53b67587-96eb-4b41-8e0c-d2e3c0bdd234;2025-01-06T15:09:00Z;15.027;15.022;15.028;15.02;344;
53b67587-96eb-4b41-8e0c-d2e3c0bdd234;2025-01-06T15:10:00Z;15.021;15.023;15.023;15.018;83;
53b67587-96eb-4b41-8e0c-d2e3c0bdd234;2025-01-06T15:11:00Z;15.026;15.023;15.026;15.023;74;
53b67587-96eb-4b41-8e0c-d2e3c0bdd234;2025-01-06T15:12:00Z;15.023;15.012;15.023;15.012;25;
53b67587-96eb-4b41-8e0c-d2e3c0bdd234;2025-01-06T15:13:00Z;15.012;15.019;15.032;15.011;823;
53b67587-96eb-4b41-8e0c-d2e3c0bdd234;2025-01-06T15:14:00Z;15.028;15.038;15.038;15.028;673;
53b67587-96eb-4b41-8e0c-d2e3c0bdd234;2025-01-06T15:15:00Z;15.029;15.035;15.035;15.029;92;
53b67587-96eb-4b41-8e0c-d2e3c0bdd234;2025-01-06T15:16:00Z;15.028;15.028;15.028;15.028;3;
53b67587-96eb-4b41-8e0c-d2e3c0bdd234;2025-01-06T15:17:00Z;15.028;15.031;15.031;15.017;52;
53b67587-96eb-4b41-8e0c-d2e3c0bdd234;2025-01-06T15:18:00Z;15.031;15.029;15.031;15.018;95;
53b67587-96eb-4b41-8e0c-d2e3c0bdd234;2025-01-06T15:19:00Z;15.029;15.019;15.029;15.019;19;
53b67587-96eb-4b41-8e0c-d2e3c0bdd234;2025-01-06T15:20:00Z;15.017;15.012;15.017;15.011;23;
53b67587-96eb-4b41-8e0c-d2e3c0bdd234;2025-01-06T15:21:00Z;15.01;15.008;15.01;15.006;31;
53b67587-96eb-4b41-8e0c-d2e3c0bdd234;2025-01-06T15:22:00Z;15.009;15.009;15.018;15.007;198;
53b67587-96eb-4b41-8e0c-d2e3c0bdd234;2025-01-06T15:23:00Z;15.009;15.009;15.009;15.008;147;
53b67587-96eb-4b41-8e0c-d2e3c0bdd234;2025-01-06T15:24:00Z;15.006;14.997;15.006;14.98;2112;
53b67587-96eb-4b41-8e0c-d2e3c0bdd234;2025-01-06T15:25:00Z;14.998;14.986;14.998;14.986;678;
53b67587-96eb-4b41-8e0c-d2e3c0bdd234;2025-01-06T15:26:00Z;14.985;14.994;14.994;14.984;252;
53b67587-96eb-4b41-8e0c-d2e3c0bdd234;2025-01-06T15:27:00Z;14.994;14.986;14.994;14.985;372;
53b67587-96eb-4b41-8e0c-d2e3c0bdd234;2025-01-06T15:28:00Z;14.998;14.998;14.998;14.998;5;
53b67587-96eb-4b41-8e0c-d2e3c0bdd234;2025-01-06T15:29:00Z;14.999;14.991;15;14.991;499;
53b67587-96eb-4b41-8e0c-d2e3c0bdd234;2025-01-06T15:30:00Z;14.991;14.986;14.991;14.986;210;
53b67587-96eb-4b41-8e0c-d2e3c0bdd234;2025-01-06T15:31:00Z;14.991;14.991;14.991;14.991;2;
53b67587-96eb-4b41-8e0c-d2e3c0bdd234;2025-01-06T15:32:00Z;14.991;14.987;14.991;14.987;8;
53b67587-96eb-4b41-8e0c-d2e3c0bdd234;2025-01-06T15:33:00Z;14.991;14.988;14.991;14.988;318;
53b67587-96eb-4b41-8e0c-d2e3c0bdd234;2025-01-06T15:34:00Z;14.991;14.989;14.991;14.989;903;
53b67587-96eb-4b41-8e0c-d2e3c0bdd234;2025-01-06T15:35:00Z;14.989;14.991;14.991;14.989;428;
53b67587-96eb-4b41-8e0c-d2e3c0bdd234;2025-01-06T15:36:00Z;14.991;14.988;14.991;14.986;593;
53b67587-96eb-4b41-8e0c-d2e3c0bdd234;2025-01-06T15:37:00Z;14.991;14.991;14.991;14.991;1;
53b67587-96eb-4b41-8e0c-d2e3c0bdd234;2025-01-06T15:38:00Z;14.991;14.991;14.991;14.991;262;
53b67587-96eb-4b41-8e0c-d2e3c0bdd234;2025-01-06T15:39:00Z;14.991;14.99;14.991;14.99;196;
53b67587-96eb-4b41-8e0c-d2e3c0bdd234;2025-01-06T15:45:00Z;14.99;14.99;14.99;14.99;845;
53b67587-96eb-4b41-8e0c-d2e3c0bdd234;2025-01-06T15:46:00Z;14.99;14.99;14.99;14.99;511;
53b67587-96eb-4b41-8e0c-d2e3c0bdd234;2025-01-06T15:47:00Z;14.99;14.99;14.99;14.99;65;
53b67587-96eb-4b41-8e0c-d2e3c0bdd234;2025-01-06T16:04:00Z;14.989;14.989;14.989;14.989;400;
53b67587-96eb-4b41-8e0c-d2e3c0bdd234;2025-01-06T16:05:00Z;14.99;14.991;14.991;14.99;2319;
53b67587-96eb-4b41-8e0c-d2e3c0bdd234;2025-01-06T16:06:00Z;14.991;14.999;14.999;14.991;219;
53b67587-96eb-4b41-8e0c-d2e3c0bdd234;2025-01-06T16:07:00Z;14.998;15.014;15.014;14.998;1082;
53b67587-96eb-4b41-8e0c-d2e3c0bdd234;2025-01-06T16:08:00Z;15.014;14.994;15.014;14.994;1119;
53b67587-96eb-4b41-8e0c-d2e3c0bdd234;2025-01-06T16:09:00Z;14.994;15.012;15.012;14.992;431;
53b67587-96eb-4b41-8e0c-d2e3c0bdd234;2025-01-06T16:10:00Z;15.012;15;15.012;15;31;
53b67587-96eb-4b41-8e0c-d2e3c0bdd234;2025-01-06T16:11:00Z;15;14.998;15;14.986;1719;
53b67587-96eb-4b41-8e0c-d2e3c0bdd234;2025-01-06T16:12:00Z;14.997;14.983;14.998;14.983;1734;
53b67587-96eb-4b41-8e0c-d2e3c0bdd234;2025-01-06T16:13:00Z;14.984;14.983;14.984;14.983;877;
53b67587-96eb-4b41-8e0c-d2e3c0bdd234;2025-01-06T16:14:00Z;14.989;14.988;14.997;14.988;113;
53b67587-96eb-4b41-8e0c-d2e3c0bdd234;2025-01-06T16:15:00Z;14.991;15;15;14.991;350;
53b67587-96eb-4b41-8e0c-d2e3c0bdd234;2025-01-06T16:16:00Z;15;15.01;15.01;15;800;
53b67587-96eb-4b41-8e0c-d2e3c0bdd234;2025-01-06T16:17:00Z;15;14.991;15;14.991;116;
53b67587-96eb-4b41-8e0c-d2e3c0bdd234;2025-01-06T16:18:00Z;14.991;14.991;14.993;14.991;17;
53b67587-96eb-4b41-8e0c-d2e3c0bdd234;2025-01-06T16:19:00Z;14.996;15.001;15.001;14.996;12;
53b67587-96eb-4b41-8e0c-d2e3c0bdd234;2025-01-06T16:20:00Z;14.999;14.999;14.999;14.999;96;
53b67587-96eb-4b41-8e0c-d2e3c0bdd234;2025-01-06T16:21:00Z;14.992;14.992;14.992;14.991;128;
53b67587-96eb-4b41-8e0c-d2e3c0bdd234;2025-01-06T16:22:00Z;14.99;14.984;14.99;14.984;249;
53b67587-96eb-4b41-8e0c-d2e3c0bdd234;2025-01-06T16:23:00Z;14.99;14.984;14.993;14.984;450;
53b67587-96eb-4b41-8e0c-d2e3c0bdd234;2025-01-06T16:24:00Z;14.983;14.983;14.983;14.983;150;
53b67587-96eb-4b41-8e0c-d2e3c0bdd234;2025-01-06T16:25:00Z;14.984;14.983;14.984;14.983;232;
53b67587-96eb-4b41-8e0c-d2e3c0bdd234;2025-01-06T16:26:00Z;14.988;14.992;14.992;14.988;301;
53b67587-96eb-4b41-8e0c-d2e3c0bdd234;2025-01-06T16:29:00Z;14.985;14.983;14.985;14.983;54;
53b67587-96eb-4b41-8e0c-d2e3c0bdd234;2025-01-06T16:30:00Z;14.983;14.983;14.983;14.983;44;
53b67587-96eb-4b41-8e0c-d2e3c0bdd234;2025-01-06T16:31:00Z;14.984;14.989;14.989;14.983;220;
53b67587-96eb-4b41-8e0c-d2e3c0bdd234;2025-01-06T16:32:00Z;14.988;14.989;14.989;14.988;50;
53b67587-96eb-4b41-8e0c-d2e3c0bdd234;2025-01-06T16:33:00Z;14.985;14.984;14.985;14.984;110;
53b67587-96eb-4b41-8e0c-d2e3c0bdd234;2025-01-06T16:35:00Z;14.984;14.975;14.984;14.971;1269;
53b67587-96eb-4b41-8e0c-d2e3c0bdd234;2025-01-06T16:36:00Z;14.971;14.97;14.971;14.97;2;
53b67587-96eb-4b41-8e0c-d2e3c0bdd234;2025-01-06T16:37:00Z;14.978;14.97;14.978;14.97;132;
53b67587-96eb-4b41-8e0c-d2e3c0bdd234;2025-01-06T16:38:00Z;14.97;14.97;14.97;14.97;144;
53b67587-96eb-4b41-8e0c-d2e3c0bdd234;2025-01-06T16:39:00Z;14.965;14.951;14.965;14.948;1399;
53b67587-96eb-4b41-8e0c-d2e3c0bdd234;2025-01-06T16:40:00Z;14.951;14.938;14.951;14.932;1364;
53b67587-96eb-4b41-8e0c-d2e3c0bdd234;2025-01-06T16:41:00Z;14.941;14.946;14.946;14.941;10;
53b67587-96eb-4b41-8e0c-d2e3c0bdd234;2025-01-06T16:42:00Z;14.94;14.942;14.942;14.921;1050;
53b67587-96eb-4b41-8e0c-d2e3c0bdd234;2025-01-06T16:43:00Z;14.938;14.938;14.938;14.937;25;
53b67587-96eb-4b41-8e0c-d2e3c0bdd234;2025-01-06T16:44:00Z;14.941;14.94;14.946;14.938;70;
53b67587-96eb-4b41-8e0c-d2e3c0bdd234;2025-01-06T16:45:00Z;14.94;14.94;14.94;14.94;75;
53b67587-96eb-4b41-8e0c-d2e3c0bdd234;2025-01-06T16:46:00Z;14.94;14.932;14.94;14.932;147;
53b67587-96eb-4b41-8e0c-d2e3c0bdd234;2025-01-06T16:47:00Z;14.933;14.923;14.933;14.912;1552;
53b67587-96eb-4b41-8e0c-d2e3c0bdd234;2025-01-06T16:48:00Z;14.916;14.923;14.923;14.916;86;
53b67587-96eb-4b41-8e0c-d2e3c0bdd234;2025-01-06T16:49:00Z;14.926;14.926;14.926;14.926;25;
53b67587-96eb-4b41-8e0c-d2e3c0bdd234;2025-01-06T16:50:00Z;14.927;14.932;14.932;14.927;11;
53b67587-96eb-4b41-8e0c-d2e3c0bdd234;2025-01-06T16:51:00Z;14.936;14.936;14.937;14.928;14;
53b67587-96eb-4b41-8e0c-d2e3c0bdd234;2025-01-06T16:52:00Z;14.936;14.929;14.948;14.929;892;
53b67587-96eb-4b41-8e0c-d2e3c0bdd234;2025-01-06T16:53:00Z;14.939;14.922;14.943;14.917;1098;
53b67587-96eb-4b41-8e0c-d2e3c0bdd234;2025-01-06T16:55:00Z;14.93;14.922;14.937;14.922;230;
53b67587-96eb-4b41-8e0c-d2e3c0bdd234;2025-01-06T16:56:00Z;14.924;14.929;14.929;14.923;260;
53b67587-96eb-4b41-8e0c-d2e3c0bdd234;2025-01-06T16:57:00Z;14.924;14.924;14.924;14.924;1;
53b67587-96eb-4b41-8e0c-d2e3c0bdd234;2025-01-06T16:59:00Z;14.928;14.924;14.933;14.924;54;
53b67587-96eb-4b41-8e0c-d2e3c0bdd234;2025-01-06T17:00:00Z;14.925;14.933;14.933;14.924;10;
53b67587-96eb-4b41-8e0c-d2e3c0bdd234;2025-01-06T17:01:00Z;14.926;14.924;14.926;14.924;100;
53b67587-96eb-4b41-8e0c-d2e3c0bdd234;2025-01-06T17:02:00Z;14.922;14.922;14.922;14.922;30;
53b67587-96eb-4b41-8e0c-d2e3c0bdd234;2025-01-06T17:03:00Z;14.92;14.921;14.921;14.92;59;
53b67587-96eb-4b41-8e0c-d2e3c0bdd234;2025-01-06T17:04:00Z;14.925;14.921;14.933;14.921;181;
53b67587-96eb-4b41-8e0c-d2e3c0bdd234;2025-01-06T17:06:00Z;14.923;14.923;14.923;14.923;100;
53b67587-96eb-4b41-8e0c-d2e3c0bdd234;2025-01-06T17:08:00Z;14.929;14.933;14.933;14.929;61;
53b67587-96eb-4b41-8e0c-d2e3c0bdd234;2025-01-06T17:09:00Z;14.933;14.933;14.933;14.933;59;
53b67587-96eb-4b41-8e0c-d2e3c0bdd234;2025-01-06T17:10:00Z;14.928;14.94;14.942;14.928;1215;
53b67587-96eb-4b41-8e0c-d2e3c0bdd234;2025-01-06T17:11:00Z;14.939;14.939;14.939;14.939;183;
53b67587-96eb-4b41-8e0c-d2e3c0bdd234;2025-01-06T17:12:00Z;14.94;14.93;14.94;14.93;46;
53b67587-96eb-4b41-8e0c-d2e3c0bdd234;2025-01-06T17:13:00Z;14.931;14.94;14.943;14.93;252;
53b67587-96eb-4b41-8e0c-d2e3c0bdd234;2025-01-06T17:14:00Z;14.941;14.943;14.943;14.941;215;
53b67587-96eb-4b41-8e0c-d2e3c0bdd234;2025-01-06T17:15:00Z;14.943;14.943;14.943;14.943;6;
53b67587-96eb-4b41-8e0c-d2e3c0bdd234;2025-01-06T17:16:00Z;14.942;14.941;14.943;14.932;60;
53b67587-96eb-4b41-8e0c-d2e3c0bdd234;2025-01-06T17:18:00Z;14.941;14.94;14.941;14.94;102;
53b67587-96eb-4b41-8e0c-d2e3c0bdd234;2025-01-06T17:19:00Z;14.933;14.931;14.933;14.931;100;
53b67587-96eb-4b41-8e0c-d2e3c0bdd234;2025-01-06T17:20:00Z;14.932;14.932;14.932;14.93;218;
53b67587-96eb-4b41-8e0c-d2e3c0bdd234;2025-01-06T17:21:00Z;14.932;14.933;14.933;14.932;10;
53b67587-96eb-4b41-8e0c-d2e3c0bdd234;2025-01-06T17:22:00Z;14.933;14.932;14.933;14.932;56;
53b67587-96eb-4b41-8e0c-d2e3c0bdd234;2025-01-06T17:26:00Z;14.933;14.933;14.933;14.932;109;
53b67587-96eb-4b41-8e0c-d2e3c0bdd234;2025-01-06T17:27:00Z;14.933;14.933;14.933;14.933;1;
53b67587-96eb-4b41-8e0c-d2e3c0bdd234;2025-01-06T17:29:00Z;14.938;14.947;14.948;14.938;310;
53b67587-96eb-4b41-8e0c-d2e3c0bdd234;2025-01-06T17:30:00Z;14.945;14.947;14.947;14.945;88;
53b67587-96eb-4b41-8e0c-d2e3c0bdd234;2025-01-06T17:31:00Z;14.946;14.952;14.952;14.946;672;
53b67587-96eb-4b41-8e0c-d2e3c0bdd234;2025-01-06T17:32:00Z;14.948;14.953;14.953;14.948;193;
53b67587-96eb-4b41-8e0c-d2e3c0bdd234;2025-01-06T17:33:00Z;14.953;14.953;14.953;14.953;3;
53b67587-96eb-4b41-8e0c-d2e3c0bdd234;2025-01-06T17:34:00Z;14.953;14.952;14.953;14.952;116;
53b67587-96eb-4b41-8e0c-d2e3c0bdd234;2025-01-06T17:36:00Z;14.95;14.95;14.95;14.95;45;
53b67587-96eb-4b41-8e0c-d2e3c0bdd234;2025-01-06T17:37:00Z;14.952;14.955;14.955;14.952;234;
53b67587-96eb-4b41-8e0c-d2e3c0bdd234;2025-01-06T17:38:00Z;14.952;14.948;14.952;14.948;3;
53b67587-96eb-4b41-8e0c-d2e3c0bdd234;2025-01-06T17:39:00Z;14.948;14.947;14.948;14.947;54;
53b67587-96eb-4b41-8e0c-d2e3c0bdd234;2025-01-06T17:40:00Z;14.946;14.942;14.946;14.936;165;
53b67587-96eb-4b41-8e0c-d2e3c0bdd234;2025-01-06T17:41:00Z;14.936;14.935;14.936;14.935;10;
53b67587-96eb-4b41-8e0c-d2e3c0bdd234;2025-01-06T17:42:00Z;14.939;14.934;14.939;14.934;71;
53b67587-96eb-4b41-8e0c-d2e3c0bdd234;2025-01-06T17:43:00Z;14.934;14.934;14.934;14.934;2;
53b67587-96eb-4b41-8e0c-d2e3c0bdd234;2025-01-06T17:46:00Z;14.941;14.936;14.946;14.936;240;
53b67587-96eb-4b41-8e0c-d2e3c0bdd234;2025-01-06T17:47:00Z;14.94;14.949;14.949;14.94;106;
53b67587-96eb-4b41-8e0c-d2e3c0bdd234;2025-01-06T17:48:00Z;14.948;14.952;14.952;14.941;354;
53b67587-96eb-4b41-8e0c-d2e3c0bdd234;2025-01-06T17:49:00Z;14.95;14.95;14.95;14.95;46;
53b67587-96eb-4b41-8e0c-d2e3c0bdd234;2025-01-06T17:50:00Z;14.943;14.943;14.943;14.943;2;
53b67587-96eb-4b41-8e0c-d2e3c0bdd234;2025-01-06T17:52:00Z;14.943;14.939;14.943;14.939;32;
53b67587-96eb-4b41-8e0c-d2e3c0bdd234;2025-01-06T17:53:00Z;14.937;14.939;14.939;14.937;14;
53b67587-96eb-4b41-8e0c-d2e3c0bdd234;2025-01-06T17:54:00Z;14.939;14.939;14.94;14.939;11;
53b67587-96eb-4b41-8e0c-d2e3c0bdd234;2025-01-06T17:55:00Z;14.94;14.939;14.94;14.939;5;
53b67587-96eb-4b41-8e0c-d2e3c0bdd234;2025-01-06T17:56:00Z;14.948;14.948;14.948;14.948;2;
53b67587-96eb-4b41-8e0c-d2e3c0bdd234;2025-01-06T17:57:00Z;14.942;14.94;14.942;14.94;100;
53b67587-96eb-4b41-8e0c-d2e3c0bdd234;2025-01-06T17:58:00Z;14.941;14.949;14.949;14.941;39;
53b67587-96eb-4b41-8e0c-d2e3c0bdd234;2025-01-06T18:00:00Z;14.95;14.951;14.951;14.95;30;
53b67587-96eb-4b41-8e0c-d2e3c0bdd234;2025-01-06T18:01:00Z;14.943;14.943;14.943;14.943;1;
53b67587-96eb-4b41-8e0c-d2e3c0bdd234;2025-01-06T18:02:00Z;14.943;14.943;14.943;14.943;2;
53b67587-96eb-4b41-8e0c-d2e3c0bdd234;2025-01-06T18:03:00Z;14.942;14.942;14.943;14.942;67;
53b67587-96eb-4b41-8e0c-d2e3c0bdd234;2025-01-06T18:04:00Z;14.95;14.953;14.953;14.95;22;
53b67587-96eb-4b41-8e0c-d2e3c0bdd234;2025-01-06T18:06:00Z;14.951;14.954;14.954;14.951;500;
53b67587-96eb-4b41-8e0c-d2e3c0bdd234;2025-01-06T18:07:00Z;14.954;14.954;14.954;14.954;4;
53b67587-96eb-4b41-8e0c-d2e3c0bdd234;2025-01-06T18:09:00Z;14.954;14.954;14.954;14.95;204;
53b67587-96eb-4b41-8e0c-d2e3c0bdd234;2025-01-06T18:11:00Z;14.947;14.944;14.947;14.944;56;
53b67587-96eb-4b41-8e0c-d2e3c0bdd234;2025-01-06T18:12:00Z;14.95;14.942;14.951;14.942;20;
53b67587-96eb-4b41-8e0c-d2e3c0bdd234;2025-01-06T18:13:00Z;14.942;14.943;14.943;14.941;73;
53b67587-96eb-4b41-8e0c-d2e3c0bdd234;2025-01-06T18:14:00Z;14.942;14.942;14.942;14.942;5;
53b67587-96eb-4b41-8e0c-d2e3c0bdd234;2025-01-06T18:15:00Z;14.943;14.95;14.952;14.943;433;
53b67587-96eb-4b41-8e0c-d2e3c0bdd234;2025-01-06T18:16:00Z;14.951;14.953;14.953;14.95;538;
53b67587-96eb-4b41-8e0c-d2e3c0bdd234;2025-01-06T18:18:00Z;14.952;14.952;14.952;14.952;25;
53b67587-96eb-4b41-8e0c-d2e3c0bdd234;2025-01-06T18:20:00Z;14.952;14.952;14.952;14.952;56;
53b67587-96eb-4b41-8e0c-d2e3c0bdd234;2025-01-06T18:21:00Z;14.95;14.952;14.952;14.95;3;
53b67587-96eb-4b41-8e0c-d2e3c0bdd234;2025-01-06T18:22:00Z;14.952;14.953;14.953;14.952;200;
53b67587-96eb-4b41-8e0c-d2e3c0bdd234;2025-01-06T18:23:00Z;14.953;14.95;14.953;14.95;101;
53b67587-96eb-4b41-8e0c-d2e3c0bdd234;2025-01-06T18:24:00Z;14.95;14.947;14.95;14.947;100;
53b67587-96eb-4b41-8e0c-d2e3c0bdd234;2025-01-06T18:26:00Z;14.947;14.947;14.947;14.947;3;
53b67587-96eb-4b41-8e0c-d2e3c0bdd234;2025-01-06T18:27:00Z;14.948;14.953;14.953;14.948;55;
53b67587-96eb-4b41-8e0c-d2e3c0bdd234;2025-01-06T18:28:00Z;14.953;14.954;14.954;14.953;67;
53b67587-96eb-4b41-8e0c-d2e3c0bdd234;2025-01-06T18:29:00Z;14.954;14.956;14.957;14.953;295;
53b67587-96eb-4b41-8e0c-d2e3c0bdd234;2025-01-06T18:30:00Z;14.955;14.959;14.959;14.955;401;
53b67587-96eb-4b41-8e0c-d2e3c0bdd234;2025-01-06T18:31:00Z;14.959;14.965;14.967;14.959;1945;
53b67587-96eb-4b41-8e0c-d2e3c0bdd234;2025-01-06T18:32:00Z;14.963;14.97;14.97;14.962;6176;
53b67587-96eb-4b41-8e0c-d2e3c0bdd234;2025-01-06T18:33:00Z;14.967;14.969;14.969;14.967;132;
53b67587-96eb-4b41-8e0c-d2e3c0bdd234;2025-01-06T18:34:00Z;14.967;14.967;14.967;14.967;5;
53b67587-96eb-4b41-8e0c-d2e3c0bdd234;2025-01-06T18:35:00Z;14.968;14.966;14.968;14.964;22;
53b67587-96eb-4b41-8e0c-d2e3c0bdd234;2025-01-06T18:36:00Z;14.966;14.966;14.967;14.965;128;
53b67587-96eb-4b41-8e0c-d2e3c0bdd234;2025-01-06T18:37:00Z;14.967;14.967;14.967;14.967;4;
53b67587-96eb-4b41-8e0c-d2e3c0bdd234;2025-01-06T18:38:00Z;14.97;14.982;14.985;14.97;504;
53b67587-96eb-4b41-8e0c-d2e3c0bdd234;2025-01-06T18:42:00Z;14.977;14.969;14.977;14.969;103;
53b67587-96eb-4b41-8e0c-d2e3c0bdd234;2025-01-06T18:43:00Z;14.97;14.981;14.981;14.97;71;
53b67587-96eb-4b41-8e0c-d2e3c0bdd234;2025-01-06T18:46:00Z;14.974;14.979;14.979;14.971;125;
53b67587-96eb-4b41-8e0c-d2e3c0bdd234;2025-01-06T18:51:00Z;14.97;14.97;14.97;14.97;1;
53b67587-96eb-4b41-8e0c-d2e3c0bdd234;2025-01-06T18:52:00Z;14.978;14.978;14.978;14.978;7;
53b67587-96eb-4b41-8e0c-d2e3c0bdd234;2025-01-06T18:54:00Z;14.971;14.971;14.971;14.971;4;
53b67587-96eb-4b41-8e0c-d2e3c0bdd234;2025-01-06T18:55:00Z;14.972;14.972;14.972;14.972;1;
53b67587-96eb-4b41-8e0c-d2e3c0bdd234;2025-01-06T18:56:00Z;14.972;14.971;14.972;14.971;31;
53b67587-96eb-4b41-8e0c-d2e3c0bdd234;2025-01-06T18:57:00Z;14.978;14.979;14.979;14.978;33;
53b67587-96eb-4b41-8e0c-d2e3c0bdd234;2025-01-06T18:58:00Z;14.974;14.974;14.974;14.974;10;
53b67587-96eb-4b41-8e0c-d2e3c0bdd234;2025-01-06T19:00:00Z;14.98;14.98;14.98;14.98;123;
53b67587-96eb-4b41-8e0c-d2e3c0bdd234;2025-01-06T19:03:00Z;14.981;14.981;14.981;14.981;5;
53b67587-96eb-4b41-8e0c-d2e3c0bdd234;2025-01-06T19:04:00Z;14.98;14.98;14.98;14.98;163;
53b67587-96eb-4b41-8e0c-d2e3c0bdd234;2025-01-06T19:05:00Z;14.974;14.972;14.975;14.972;155;
53b67587-96eb-4b41-8e0c-d2e3c0bdd234;2025-01-06T19:06:00Z;14.973;14.969;14.973;14.969;457;
53b67587-96eb-4b41-8e0c-d2e3c0bdd234;2025-01-06T19:07:00Z;14.975;14.975;14.975;14.975;25;
53b67587-96eb-4b41-8e0c-d2e3c0bdd234;2025-01-06T19:08:00Z;14.98;14.986;14.986;14.98;30;
53b67587-96eb-4b41-8e0c-d2e3c0bdd234;2025-01-06T19:09:00Z;14.975;14.975;14.975;14.975;8;
53b67587-96eb-4b41-8e0c-d2e3c0bdd234;2025-01-06T19:11:00Z;14.976;14.971;14.976;14.971;260;
53b67587-96eb-4b41-8e0c-d2e3c0bdd234;2025-01-06T19:12:00Z;14.971;14.969;14.971;14.968;29;
53b67587-96eb-4b41-8e0c-d2e3c0bdd234;2025-01-06T19:13:00Z;14.979;14.967;14.979;14.967;48;
53b67587-96eb-4b41-8e0c-d2e3c0bdd234;2025-01-06T19:14:00Z;14.97;14.97;14.97;14.97;1;
53b67587-96eb-4b41-8e0c-d2e3c0bdd234;2025-01-06T19:15:00Z;14.969;14.965;14.969;14.965;33;
53b67587-96eb-4b41-8e0c-d2e3c0bdd234;2025-01-06T19:16:00Z;14.964;14.964;14.965;14.964;43;
53b67587-96eb-4b41-8e0c-d2e3c0bdd234;2025-01-06T19:17:00Z;14.965;14.964;14.965;14.964;29;
53b67587-96eb-4b41-8e0c-d2e3c0bdd234;2025-01-06T19:18:00Z;14.96;14.961;14.961;14.96;4;
53b67587-96eb-4b41-8e0c-d2e3c0bdd234;2025-01-06T19:19:00Z;14.959;14.961;14.961;14.958;28;
53b67587-96eb-4b41-8e0c-d2e3c0bdd234;2025-01-06T19:20:00Z;14.959;14.952;14.963;14.949;784;
53b67587-96eb-4b41-8e0c-d2e3c0bdd234;2025-01-06T19:21:00Z;14.954;14.952;14.955;14.952;118;
53b67587-96eb-4b41-8e0c-d2e3c0bdd234;2025-01-06T19:22:00Z;14.953;14.95;14.953;14.95;444;
53b67587-96eb-4b41-8e0c-d2e3c0bdd234;2025-01-06T19:23:00Z;14.953;14.952;14.953;14.951;57;
53b67587-96eb-4b41-8e0c-d2e3c0bdd234;2025-01-06T19:24:00Z;14.951;14.95;14.952;14.95;256;
53b67587-96eb-4b41-8e0c-d2e3c0bdd234;2025-01-06T19:25:00Z;14.949;14.953;14.953;14.949;106;
53b67587-96eb-4b41-8e0c-d2e3c0bdd234;2025-01-06T19:27:00Z;14.949;14.948;14.949;14.948;19;
53b67587-96eb-4b41-8e0c-d2e3c0bdd234;2025-01-06T19:28:00Z;14.949;14.952;14.953;14.948;51;
53b67587-96eb-4b41-8e0c-d2e3c0bdd234;2025-01-06T19:29:00Z;14.953;14.96;14.96;14.953;4;
53b67587-96eb-4b41-8e0c-d2e3c0bdd234;2025-01-06T19:31:00Z;14.954;14.954;14.954;14.954;1;
53b67587-96eb-4b41-8e0c-d2e3c0bdd234;2025-01-06T19:32:00Z;14.954;14.951;14.954;14.951;79;
53b67587-96eb-4b41-8e0c-d2e3c0bdd234;2025-01-06T19:33:00Z;14.954;14.993;14.995;14.954;2025;
53b67587-96eb-4b41-8e0c-d2e3c0bdd234;2025-01-06T19:34:00Z;14.98;14.982;14.995;14.979;248;
53b67587-96eb-4b41-8e0c-d2e3c0bdd234;2025-01-06T19:35:00Z;14.981;14.977;14.981;14.977;120;
53b67587-96eb-4b41-8e0c-d2e3c0bdd234;2025-01-06T19:36:00Z;14.986;14.995;14.995;14.986;406;
53b67587-96eb-4b41-8e0c-d2e3c0bdd234;2025-01-06T19:37:00Z;14.985;14.985;14.985;14.985;2;
53b67587-96eb-4b41-8e0c-d2e3c0bdd234;2025-01-06T19:38:00Z;14.994;14.995;14.995;14.994;130;
53b67587-96eb-4b41-8e0c-d2e3c0bdd234;2025-01-06T19:39:00Z;14.995;14.985;14.996;14.985;151;
53b67587-96eb-4b41-8e0c-d2e3c0bdd234;2025-01-06T19:40:00Z;14.986;14.985;14.986;14.985;102;
53b67587-96eb-4b41-8e0c-d2e3c0bdd234;2025-01-06T19:41:00Z;14.985;14.994;14.994;14.977;133;
53b67587-96eb-4b41-8e0c-d2e3c0bdd234;2025-01-06T19:42:00Z;14.993;14.995;14.995;14.993;200;
53b67587-96eb-4b41-8e0c-d2e3c0bdd234;2025-01-06T19:43:00Z;14.995;14.995;14.995;14.995;18;
53b67587-96eb-4b41-8e0c-d2e3c0bdd234;2025-01-06T19:44:00Z;14.994;14.995;14.995;14.994;192;
53b67587-96eb-4b41-8e0c-d2e3c0bdd234;2025-01-06T19:46:00Z;14.997;14.997;14.997;14.997;1;
53b67587-96eb-4b41-8e0c-d2e3c0bdd234;2025-01-06T19:47:00Z;14.997;14.995;14.997;14.995;42;
53b67587-96eb-4b41-8e0c-d2e3c0bdd234;2025-01-06T19:48:00Z;14.995;14.981;14.995;14.981;358;
53b67587-96eb-4b41-8e0c-d2e3c0bdd234;2025-01-06T19:49:00Z;14.988;14.988;14.988;14.988;4;
53b67587-96eb-4b41-8e0c-d2e3c0bdd234;2025-01-06T19:50:00Z;14.99;14.988;14.99;14.988;9;
53b67587-96eb-4b41-8e0c-d2e3c0bdd234;2025-01-06T19:51:00Z;14.988;14.988;14.988;14.988;68;
53b67587-96eb-4b41-8e0c-d2e3c0bdd234;2025-01-06T19:52:00Z;14.988;14.989;14.996;14.988;211;
53b67587-96eb-4b41-8e0c-d2e3c0bdd234;2025-01-06T19:53:00Z;14.995;14.997;14.997;14.995;50;
53b67587-96eb-4b41-8e0c-d2e3c0bdd234;2025-01-06T19:54:00Z;14.997;14.989;14.997;14.989;101;
53b67587-96eb-4b41-8e0c-d2e3c0bdd234;2025-01-06T19:55:00Z;14.989;14.997;14.997;14.986;139;
53b67587-96eb-4b41-8e0c-d2e3c0bdd234;2025-01-06T19:56:00Z;14.996;14.996;14.996;14.996;1;
53b67587-96eb-4b41-8e0c-d2e3c0bdd234;2025-01-06T19:57:00Z;14.99;14.986;14.99;14.986;67;
53b67587-96eb-4b41-8e0c-d2e3c0bdd234;2025-01-06T19:58:00Z;14.987;14.987;14.988;14.983;187;
53b67587-96eb-4b41-8e0c-d2e3c0bdd234;2025-01-06T19:59:00Z;14.995;14.995;14.995;14.995;1;
53b67587-96eb-4b41-8e0c-d2e3c0bdd234;2025-01-06T20:00:00Z;14.995;14.995;14.995;14.995;5;
53b67587-96eb-4b41-8e0c-d2e3c0bdd234;2025-01-06T20:01:00Z;14.995;14.996;14.996;14.995;19;
53b67587-96eb-4b41-8e0c-d2e3c0bdd234;2025-01-06T20:02:00Z;14.995;14.996;14.996;14.995;37;
53b67587-96eb-4b41-8e0c-d2e3c0bdd234;2025-01-06T20:03:00Z;14.995;14.99;14.995;14.99;35;
53b67587-96eb-4b41-8e0c-d2e3c0bdd234;2025-01-06T20:05:00Z;14.988;14.988;14.988;14.988;6;
53b67587-96eb-4b41-8e0c-d2e3c0bdd234;2025-01-06T20:06:00Z;14.988;14.984;14.988;14.984;165;
53b67587-96eb-4b41-8e0c-d2e3c0bdd234;2025-01-06T20:07:00Z;14.984;14.984;14.984;14.984;88;
53b67587-96eb-4b41-8e0c-d2e3c0bdd234;2025-01-06T20:09:00Z;14.986;14.986;14.986;14.986;85;
53b67587-96eb-4b41-8e0c-d2e3c0bdd234;2025-01-06T20:10:00Z;14.985;14.984;14.985;14.984;200;
53b67587-96eb-4b41-8e0c-d2e3c0bdd234;2025-01-06T20:11:00Z;14.985;14.985;14.985;14.985;1;
53b67587-96eb-4b41-8e0c-d2e3c0bdd234;2025-01-06T20:12:00Z;14.986;14.986;14.997;14.986;534;
53b67587-96eb-4b41-8e0c-d2e3c0bdd234;2025-01-06T20:15:00Z;14.997;14.999;14.999;14.997;500;
53b67587-96eb-4b41-8e0c-d2e3c0bdd234;2025-01-06T20:16:00Z;14.999;14.998;14.999;14.998;81;
53b67587-96eb-4b41-8e0c-d2e3c0bdd234;2025-01-06T20:17:00Z;14.999;14.999;14.999;14.999;20;
53b67587-96eb-4b41-8e0c-d2e3c0bdd234;2025-01-06T20:18:00Z;14.999;15.009;15.009;14.999;116;
53b67587-96eb-4b41-8e0c-d2e3c0bdd234;2025-01-06T20:19:00Z;15.007;15.006;15.026;15.006;301;
53b67587-96eb-4b41-8e0c-d2e3c0bdd234;2025-01-06T20:20:00Z;15.017;15.022;15.022;15.017;71;
53b67587-96eb-4b41-8e0c-d2e3c0bdd234;2025-01-06T20:21:00Z;15.023;15.024;15.026;15.02;142;
53b67587-96eb-4b41-8e0c-d2e3c0bdd234;2025-01-06T20:22:00Z;15.022;15.036;15.039;15.02;940;
53b67587-96eb-4b41-8e0c-d2e3c0bdd234;2025-01-06T20:23:00Z;15.036;15.049;15.053;15.036;1065;
53b67587-96eb-4b41-8e0c-d2e3c0bdd234;2025-01-06T20:24:00Z;15.049;15.049;15.049;15.049;407;
53b67587-96eb-4b41-8e0c-d2e3c0bdd234;2025-01-06T20:25:00Z;15.041;15.041;15.041;15.041;34;
53b67587-96eb-4b41-8e0c-d2e3c0bdd234;2025-01-06T20:26:00Z;15.041;15.05;15.05;15.041;69;
53b67587-96eb-4b41-8e0c-d2e3c0bdd234;2025-01-06T20:27:00Z;15.052;15.051;15.052;15.05;20;
53b67587-96eb-4b41-8e0c-d2e3c0bdd234;2025-01-06T20:28:00Z;15.051;15.074;15.074;15.051;1312;
53b67587-96eb-4b41-8e0c-d2e3c0bdd234;2025-01-06T20:29:00Z;15.074;15.075;15.075;15.061;575;
53b67587-96eb-4b41-8e0c-d2e3c0bdd234;2025-01-06T20:30:00Z;15.074;15.066;15.075;15.066;1429;
53b67587-96eb-4b41-8e0c-d2e3c0bdd234;2025-01-06T20:31:00Z;15.063;15.079;15.079;15.061;327;
53b67587-96eb-4b41-8e0c-d2e3c0bdd234;2025-01-06T20:32:00Z;15.074;15.064;15.08;15.064;855;
53b67587-96eb-4b41-8e0c-d2e3c0bdd234;2025-01-06T20:33:00Z;15.062;15.076;15.076;15.061;243;
53b67587-96eb-4b41-8e0c-d2e3c0bdd234;2025-01-06T20:34:00Z;15.063;15.056;15.072;15.053;178;
53b67587-96eb-4b41-8e0c-d2e3c0bdd234;2025-01-06T20:35:00Z;15.062;15.068;15.07;15.06;63;
53b67587-96eb-4b41-8e0c-d2e3c0bdd234;2025-01-06T20:36:00Z;15.07;15.072;15.072;15.068;25;
53b67587-96eb-4b41-8e0c-d2e3c0bdd234;2025-01-06T20:37:00Z;15.068;15.068;15.073;15.068;262;
53b67587-96eb-4b41-8e0c-d2e3c0bdd234;2025-01-06T20:38:00Z;15.07;15.068;15.075;15.068;118;
53b67587-96eb-4b41-8e0c-d2e3c0bdd234;2025-01-06T20:39:00Z;15.068;15.074;15.074;15.068;369;
53b67587-96eb-4b41-8e0c-d2e3c0bdd234;2025-01-06T20:40:00Z;15.074;15.065;15.075;15.065;118;
53b67587-96eb-4b41-8e0c-d2e3c0bdd234;2025-01-06T20:41:00Z;15.073;15.075;15.075;15.067;96;
53b67587-96eb-4b41-8e0c-d2e3c0bdd234;2025-01-06T20:42:00Z;15.066;15.063;15.066;15.061;105;
53b67587-96eb-4b41-8e0c-d2e3c0bdd234;2025-01-06T20:43:00Z;15.073;15.074;15.076;15.073;65;
53b67587-96eb-4b41-8e0c-d2e3c0bdd234;2025-01-06T20:44:00Z;15.072;15.08;15.08;15.072;525;
53b67587-96eb-4b41-8e0c-d2e3c0bdd234;2025-01-06T20:45:00Z;15.072;15.07;15.075;15.07;52;
53b67587-96eb-4b41-8e0c-d2e3c0bdd234;2025-01-06T20:46:00Z;15.071;15.07;15.073;15.07;404;
53b67587-96eb-4b41-8e0c-d2e3c0bdd234;2025-01-06T20:47:00Z;15.064;15.011;15.07;15.007;5267;
53b67587-96eb-4b41-8e0c-d2e3c0bdd234;2025-01-06T20:48:00Z;15.015;15.021;15.042;15.011;810;
53b67587-96eb-4b41-8e0c-d2e3c0bdd234;2025-01-06T20:49:00Z;15.021;15.027;15.067;15.021;845;
